147,	148,	149,	149,	149,	149,	159,	175,	173,	173,	174,	173,	172,	172,	172,	170,	170,	169,	170,	171,	169,	168,	156,	122,	100,	85,	73,	63,	60,	56,	50,	51,	51,	44,	38,	40,	46,	50,	50,	49,	45,	43,	39,	36,	38,	42,	47,	56,	96,	153,	171,	172,	172,	173,	170,	170,	170,	171,	171,	170,	172,	170,	171,	171,	170,	170,	171,	169,	169,	170,	170,	170,	169,	169,	169,	169,	169,	168,	168,	168,	171,
146,	147,	149,	149,	148,	149,	158,	171,	173,	173,	176,	172,	172,	171,	171,	170,	169,	170,	171,	167,	153,	129,	103,	78,	58,	54,	53,	51,	44,	38,	36,	35,	37,	36,	32,	30,	33,	38,	42,	39,	38,	36,	34,	34,	33,	31,	30,	36,	47,	95,	156,	172,	173,	169,	171,	171,	170,	171,	172,	171,	171,	170,	170,	170,	169,	169,	169,	169,	169,	169,	169,	170,	170,	169,	169,	168,	169,	169,	170,	170,	170,
145,	146,	149,	149,	148,	149,	157,	171,	174,	173,	173,	174,	172,	171,	170,	170,	168,	170,	165,	137,	98,	82,	75,	64,	55,	49,	43,	39,	34,	30,	32,	32,	33,	34,	31,	27,	27,	29,	34,	37,	34,	33,	33,	32,	30,	27,	23,	25,	29,	50,	97,	145,	169,	173,	170,	169,	171,	170,	170,	171,	171,	170,	169,	169,	170,	169,	169,	169,	169,	169,	169,	169,	170,	169,	169,	169,	170,	170,	170,	170,	170,
146,	147,	149,	148,	149,	149,	155,	173,	176,	176,	174,	176,	172,	172,	172,	170,	169,	163,	125,	79,	67,	67,	63,	56,	53,	49,	44,	42,	37,	32,	35,	37,	43,	40,	35,	28,	27,	29,	30,	35,	35,	35,	32,	29,	27,	27,	24,	23,	27,	36,	50,	80,	132,	165,	171,	171,	171,	170,	170,	170,	169,	172,	169,	170,	170,	169,	169,	169,	168,	170,	170,	169,	170,	169,	169,	168,	170,	169,	170,	170,	171,
146,	147,	148,	148,	149,	149,	155,	173,	177,	177,	176,	174,	173,	171,	172,	170,	161,	131,	75,	55,	55,	52,	51,	51,	50,	43,	37,	33,	29,	28,	34,	40,	36,	33,	35,	30,	27,	28,	29,	30,	34,	36,	35,	32,	27,	24,	23,	25,	25,	30,	45,	55,	67,	117,	149,	160,	169,	171,	169,	169,	169,	170,	169,	169,	169,	168,	169,	169,	169,	169,	170,	169,	170,	170,	169,	169,	170,	169,	169,	170,	170,
146,	146,	149,	149,	148,	148,	154,	170,	179,	175,	175,	173,	174,	172,	171,	166,	149,	89,	48,	49,	48,	55,	60,	54,	45,	37,	30,	25,	25,	25,	25,	28,	26,	29,	34,	35,	32,	29,	27,	26,	31,	33,	34,	33,	31,	29,	27,	28,	25,	29,	42,	53,	46,	52,	82,	120,	151,	162,	165,	169,	170,	168,	169,	168,	169,	167,	168,	170,	169,	168,	168,	169,	169,	169,	169,	169,	169,	169,	169,	170,	169,
146,	146,	148,	149,	148,	148,	154,	169,	176,	176,	175,	175,	171,	172,	171,	154,	109,	56,	45,	48,	61,	59,	48,	41,	31,	28,	25,	24,	28,	31,	32,	36,	36,	41,	43,	43,	42,	37,	31,	28,	32,	38,	39,	39,	39,	40,	38,	35,	28,	29,	39,	51,	53,	46,	46,	62,	84,	113,	139,	159,	169,	169,	169,	167,	170,	169,	169,	169,	169,	168,	168,	169,	170,	170,	169,	169,	170,	170,	169,	170,	169,
148,	148,	148,	149,	149,	148,	153,	168,	177,	176,	176,	174,	174,	173,	161,	114,	62,	47,	46,	49,	46,	37,	38,	30,	25,	24,	27,	32,	40,	47,	53,	57,	60,	64,	68,	67,	64,	57,	50,	49,	50,	58,	61,	62,	64,	64,	58,	49,	41,	35,	38,	49,	51,	47,	39,	39,	45,	56,	74,	106,	142,	160,	165,	167,	169,	170,	170,	169,	169,	169,	168,	168,	169,	169,	169,	169,	170,	169,	168,	168,	169,
147,	147,	147,	148,	149,	149,	153,	165,	178,	177,	176,	175,	174,	167,	124,	76,	50,	40,	40,	37,	28,	27,	26,	27,	29,	33,	41,	56,	68,	75,	84,	88,	92,	93,	93,	94,	91,	85,	81,	84,	84,	92,	96,	98,	99,	94,	85,	77,	64,	49,	43,	45,	44,	42,	40,	36,	39,	47,	46,	50,	82,	137,	165,	169,	169,	169,	169,	169,	168,	169,	169,	168,	169,	169,	170,	169,	169,	169,	169,	169,	169,
146,	147,	147,	149,	149,	148,	151,	163,	177,	178,	176,	179,	170,	130,	79,	53,	43,	43,	37,	28,	28,	28,	30,	36,	43,	54,	71,	88,	101,	113,	124,	126,	124,	122,	118,	118,	118,	117,	115,	117,	117,	119,	122,	122,	122,	116,	114,	110,	97,	78,	62,	50,	39,	37,	40,	40,	38,	41,	45,	45,	52,	91,	143,	168,	171,	169,	169,	169,	169,	168,	169,	169,	170,	169,	169,	169,	169,	168,	168,	168,	168,
147,	147,	147,	148,	149,	148,	150,	161,	177,	177,	175,	175,	151,	87,	54,	39,	41,	37,	30,	27,	28,	36,	45,	55,	71,	88,	103,	117,	132,	143,	151,	153,	152,	149,	143,	140,	141,	140,	137,	137,	139,	139,	139,	138,	137,	136,	134,	131,	125,	113,	92,	73,	50,	36,	38,	45,	42,	37,	41,	50,	48,	54,	89,	144,	169,	168,	168,	168,	167,	168,	169,	168,	168,	168,	168,	167,	167,	167,	167,	168,	167,
147,	146,	146,	148,	148,	148,	150,	159,	174,	178,	176,	163,	107,	61,	48,	37,	37,	32,	28,	36,	48,	58,	70,	89,	103,	118,	134,	145,	153,	160,	165,	165,	163,	162,	157,	153,	153,	152,	150,	149,	149,	149,	147,	148,	145,	146,	142,	140,	134,	127,	114,	102,	82,	55,	37,	40,	41,	37,	43,	46,	54,	50,	56,	94,	152,	170,	167,	168,	167,	168,	168,	168,	168,	167,	167,	167,	167,	168,	166,	165,	167,
147,	146,	147,	148,	148,	148,	149,	157,	173,	176,	174,	142,	74,	50,	44,	36,	32,	29,	44,	59,	76,	89,	106,	119,	132,	143,	155,	163,	167,	169,	171,	170,	171,	170,	166,	161,	158,	155,	155,	155,	155,	154,	152,	150,	150,	148,	144,	140,	137,	133,	128,	120,	108,	89,	57,	38,	39,	39,	47,	43,	48,	55,	57,	66,	108,	154,	165,	167,	168,	168,	167,	170,	168,	166,	167,	167,	167,	167,	167,	167,	166,
146,	145,	146,	146,	147,	148,	149,	155,	172,	179,	172,	115,	51,	45,	33,	26,	30,	46,	73,	93,	110,	125,	138,	148,	157,	162,	166,	171,	174,	174,	173,	173,	173,	174,	171,	165,	160,	157,	157,	159,	159,	158,	158,	156,	151,	149,	145,	142,	138,	136,	132,	127,	120,	114,	93,	56,	37,	40,	51,	44,	38,	49,	57,	57,	70,	112,	152,	167,	166,	167,	166,	167,	167,	166,	166,	167,	167,	165,	166,	167,	165,
144,	144,	145,	146,	146,	149,	149,	153,	170,	179,	158,	74,	37,	39,	26,	24,	50,	85,	112,	135,	147,	158,	161,	167,	170,	171,	173,	176,	176,	176,	177,	176,	172,	172,	170,	164,	160,	157,	159,	161,	161,	159,	157,	156,	150,	148,	143,	142,	138,	136,	131,	127,	121,	118,	116,	96,	57,	39,	51,	48,	39,	38,	49,	50,	56,	72,	118,	157,	169,	170,	168,	167,	167,	166,	164,	166,	167,	165,	165,	164,	164,
144,	145,	146,	146,	146,	149,	149,	151,	167,	177,	133,	56,	37,	34,	26,	48,	96,	132,	148,	159,	165,	170,	173,	174,	177,	177,	175,	177,	179,	179,	177,	177,	172,	170,	168,	163,	160,	159,	160,	161,	160,	158,	157,	152,	151,	147,	142,	140,	135,	131,	128,	122,	119,	116,	116,	116,	89,	50,	46,	52,	44,	38,	46,	47,	49,	54,	73,	123,	157,	165,	167,	167,	166,	167,	165,	165,	165,	164,	164,	165,	164,
144,	144,	145,	145,	146,	147,	149,	150,	164,	168,	104,	50,	37,	30,	43,	95,	137,	154,	162,	165,	170,	175,	178,	179,	179,	178,	178,	178,	178,	179,	177,	173,	171,	167,	164,	162,	158,	158,	157,	159,	158,	156,	155,	152,	149,	143,	140,	136,	131,	125,	121,	117,	115,	114,	116,	117,	110,	81,	51,	50,	47,	43,	47,	50,	50,	49,	53,	81,	132,	161,	165,	165,	166,	164,	165,	165,	166,	165,	164,	164,	164,
145,	144,	145,	146,	146,	147,	149,	150,	158,	141,	76,	48,	34,	38,	84,	133,	153,	157,	163,	168,	173,	180,	182,	180,	179,	178,	179,	180,	177,	175,	173,	169,	168,	163,	159,	159,	157,	157,	156,	159,	156,	155,	154,	151,	147,	140,	136,	133,	128,	122,	118,	114,	112,	113,	116,	115,	114,	100,	73,	54,	45,	42,	42,	50,	52,	52,	55,	63,	100,	153,	165,	166,	166,	164,	164,	165,	167,	166,	164,	163,	164,
145,	144,	145,	146,	146,	148,	149,	148,	144,	102,	57,	37,	36,	70,	125,	150,	154,	158,	163,	168,	175,	182,	182,	182,	180,	177,	177,	177,	173,	171,	171,	168,	166,	162,	158,	156,	155,	155,	155,	157,	156,	155,	154,	150,	145,	138,	132,	128,	124,	122,	118,	113,	112,	112,	114,	114,	111,	106,	97,	75,	50,	39,	37,	43,	50,	52,	56,	63,	81,	132,	163,	164,	163,	163,	163,	165,	166,	164,	164,	164,	163,
144,	145,	146,	146,	147,	149,	148,	141,	111,	67,	46,	31,	52,	108,	138,	150,	154,	157,	161,	165,	171,	178,	179,	177,	176,	175,	175,	174,	170,	167,	168,	167,	162,	160,	155,	155,	154,	153,	154,	155,	155,	153,	152,	147,	142,	135,	129,	124,	120,	120,	117,	113,	111,	111,	113,	113,	113,	109,	106,	95,	71,	49,	39,	40,	44,	48,	50,	56,	75,	118,	157,	163,	163,	163,	163,	164,	165,	164,	164,	164,	163,
144,	146,	145,	146,	147,	147,	145,	126,	76,	54,	39,	35,	82,	130,	139,	144,	152,	157,	159,	164,	173,	174,	172,	172,	171,	171,	170,	168,	165,	160,	160,	160,	158,	158,	155,	154,	155,	155,	154,	154,	153,	150,	148,	143,	137,	132,	128,	124,	119,	117,	116,	113,	110,	110,	113,	112,	109,	108,	105,	103,	94,	71,	50,	40,	44,	45,	45,	49,	65,	101,	146,	163,	162,	163,	164,	164,	163,	164,	164,	165,	164,
143,	143,	145,	146,	146,	144,	136,	99,	54,	45,	33,	58,	115,	132,	137,	142,	148,	153,	159,	165,	169,	170,	172,	170,	166,	165,	163,	162,	161,	159,	157,	154,	154,	155,	153,	151,	152,	154,	154,	152,	151,	147,	142,	137,	131,	128,	125,	122,	118,	116,	113,	109,	107,	109,	110,	109,	108,	108,	107,	105,	100,	84,	62,	45,	42,	48,	44,	47,	58,	79,	124,	159,	163,	163,	163,	163,	163,	164,	163,	163,	164,
146,	144,	144,	145,	143,	142,	127,	77,	48,	40,	40,	89,	129,	134,	136,	139,	145,	152,	157,	161,	165,	166,	167,	166,	166,	163,	160,	156,	155,	154,	156,	155,	151,	151,	149,	150,	152,	153,	153,	154,	152,	150,	144,	137,	133,	129,	125,	121,	117,	115,	110,	106,	107,	107,	106,	107,	107,	108,	106,	103,	99,	88,	70,	56,	46,	45,	47,	44,	49,	68,	110,	149,	162,	163,	164,	164,	163,	163,	163,	163,	164,
144,	144,	144,	145,	144,	142,	118,	60,	46,	37,	57,	108,	129,	131,	136,	142,	147,	150,	152,	154,	157,	158,	160,	161,	159,	158,	158,	156,	155,	155,	157,	156,	153,	152,	151,	152,	154,	155,	154,	153,	155,	155,	148,	141,	137,	135,	131,	126,	116,	113,	110,	108,	108,	107,	104,	105,	107,	109,	107,	104,	98,	86,	76,	66,	53,	43,	47,	42,	44,	57,	98,	144,	161,	163,	163,	164,	164,	163,	163,	162,	163,
144,	144,	144,	145,	146,	144,	100,	48,	39,	34,	78,	118,	128,	132,	136,	140,	146,	148,	147,	147,	148,	153,	153,	155,	157,	159,	162,	160,	157,	155,	155,	154,	154,	153,	151,	153,	153,	154,	158,	157,	155,	155,	152,	146,	140,	138,	133,	128,	121,	116,	114,	112,	110,	107,	104,	105,	107,	107,	105,	102,	95,	83,	73,	68,	60,	46,	47,	43,	41,	47,	81,	140,	161,	162,	162,	164,	163,	163,	162,	162,	163,
143,	145,	145,	144,	146,	139,	87,	43,	31,	44,	91,	122,	129,	132,	133,	139,	144,	143,	142,	140,	141,	147,	155,	157,	159,	161,	162,	161,	157,	153,	152,	149,	151,	153,	154,	153,	154,	158,	160,	161,	158,	157,	152,	148,	144,	139,	132,	127,	123,	117,	114,	112,	111,	107,	105,	106,	106,	106,	103,	100,	95,	84,	72,	65,	63,	53,	47,	43,	39,	41,	67,	123,	157,	162,	163,	163,	162,	163,	162,	161,	163,
144,	144,	144,	144,	148,	135,	75,	39,	30,	58,	103,	124,	130,	131,	130,	135,	142,	141,	137,	136,	144,	146,	153,	158,	160,	161,	162,	162,	159,	157,	155,	152,	153,	155,	158,	156,	155,	159,	160,	161,	157,	154,	152,	152,	146,	140,	136,	129,	125,	121,	117,	113,	111,	108,	104,	103,	105,	106,	101,	99,	95,	86,	74,	64,	60,	54,	47,	43,	40,	44,	57,	108,	153,	160,	161,	162,	162,	162,	162,	162,	162,
145,	144,	144,	145,	145,	127,	65,	34,	37,	75,	114,	129,	132,	131,	131,	134,	140,	140,	140,	141,	146,	148,	157,	161,	163,	163,	164,	163,	162,	161,	156,	154,	156,	157,	158,	156,	154,	156,	158,	158,	156,	154,	152,	150,	146,	140,	134,	129,	126,	124,	119,	114,	112,	110,	106,	104,	103,	102,	99,	98,	95,	87,	77,	66,	57,	54,	49,	44,	41,	46,	58,	100,	150,	160,	160,	162,	162,	162,	162,	163,	163,
144,	143,	144,	144,	144,	122,	57,	33,	48,	89,	121,	130,	132,	132,	134,	134,	134,	140,	144,	145,	149,	154,	160,	162,	163,	165,	166,	165,	164,	161,	154,	153,	157,	158,	156,	156,	156,	157,	158,	156,	152,	147,	144,	140,	137,	133,	127,	123,	121,	119,	117,	115,	114,	113,	109,	107,	103,	99,	97,	97,	95,	89,	83,	74,	56,	51,	48,	43,	39,	41,	61,	95,	143,	159,	162,	161,	161,	162,	161,	161,	162,
144,	143,	144,	143,	145,	115,	48,	38,	62,	98,	119,	128,	132,	132,	135,	134,	135,	139,	145,	148,	148,	156,	164,	166,	166,	169,	169,	168,	164,	158,	153,	153,	155,	157,	155,	154,	156,	157,	153,	150,	145,	138,	137,	133,	128,	126,	122,	118,	116,	115,	115,	116,	116,	115,	112,	109,	106,	101,	97,	95,	93,	91,	89,	81,	64,	52,	48,	43,	39,	42,	63,	94,	141,	161,	162,	160,	160,	160,	162,	162,	160,
143,	142,	144,	144,	144,	105,	41,	45,	70,	97,	115,	125,	129,	129,	133,	135,	135,	137,	139,	148,	155,	160,	163,	166,	164,	165,	164,	162,	157,	151,	148,	148,	149,	150,	149,	146,	147,	147,	141,	138,	133,	130,	131,	127,	123,	118,	114,	111,	111,	110,	108,	107,	108,	109,	111,	111,	106,	103,	99,	93,	91,	91,	91,	86,	76,	56,	45,	40,	38,	46,	60,	90,	139,	160,	161,	161,	161,	160,	160,	161,	160,
144,	143,	143,	144,	143,	102,	42,	49,	72,	95,	114,	125,	129,	130,	135,	136,	135,	135,	140,	151,	157,	159,	161,	159,	156,	153,	152,	151,	146,	143,	141,	140,	139,	139,	138,	136,	135,	134,	130,	127,	124,	120,	122,	119,	113,	107,	104,	98,	92,	90,	85,	83,	85,	88,	95,	102,	104,	102,	101,	96,	93,	90,	89,	89,	84,	63,	41,	37,	38,	48,	54,	81,	138,	160,	160,	160,	160,	159,	160,	160,	161,
144,	143,	143,	145,	145,	111,	52,	51,	73,	93,	109,	124,	130,	133,	134,	135,	135,	137,	143,	153,	156,	154,	152,	150,	146,	145,	145,	145,	140,	136,	135,	134,	132,	128,	127,	125,	122,	120,	116,	112,	108,	105,	106,	102,	97,	89,	84,	77,	68,	64,	60,	61,	65,	64,	66,	73,	80,	87,	93,	93,	89,	87,	88,	88,	86,	73,	48,	36,	36,	46,	49,	74,	133,	159,	161,	161,	160,	160,	160,	159,	160,
143,	143,	143,	144,	146,	124,	69,	55,	72,	86,	106,	121,	127,	129,	134,	135,	138,	142,	148,	151,	151,	150,	146,	143,	140,	140,	138,	137,	133,	131,	128,	121,	121,	118,	115,	112,	110,	108,	102,	93,	86,	82,	79,	73,	65,	56,	51,	46,	44,	40,	40,	44,	46,	47,	51,	54,	57,	63,	70,	79,	83,	84,	85,	88,	88,	80,	54,	36,	34,	43,	47,	71,	128,	157,	160,	160,	161,	159,	159,	161,	160,
143,	143,	143,	143,	142,	128,	80,	56,	66,	80,	103,	119,	126,	127,	133,	138,	140,	145,	149,	148,	146,	145,	138,	133,	132,	128,	127,	124,	119,	115,	110,	107,	109,	108,	106,	102,	100,	97,	86,	73,	63,	59,	54,	46,	38,	31,	28,	27,	28,	29,	29,	36,	43,	48,	50,	50,	49,	52,	57,	65,	73,	81,	85,	86,	88,	85,	59,	37,	36,	46,	48,	65,	126,	157,	161,	160,	161,	159,	160,	159,	160,
143,	144,	144,	144,	143,	136,	92,	57,	61,	78,	100,	115,	122,	127,	132,	138,	143,	147,	145,	140,	135,	131,	125,	124,	119,	113,	107,	100,	94,	92,	92,	92,	96,	99,	98,	95,	92,	87,	75,	62,	51,	48,	42,	36,	30,	27,	25,	25,	28,	32,	38,	45,	50,	53,	55,	54,	53,	51,	51,	57,	66,	74,	80,	83,	86,	88,	66,	39,	37,	45,	49,	61,	114,	157,	161,	160,	160,	159,	158,	160,	159,
143,	143,	143,	143,	144,	140,	100,	58,	56,	76,	100,	112,	116,	122,	131,	138,	143,	145,	131,	119,	113,	105,	100,	96,	88,	81,	70,	62,	60,	63,	70,	73,	82,	87,	90,	90,	86,	79,	68,	56,	47,	43,	38,	36,	33,	30,	29,	30,	34,	38,	43,	47,	48,	51,	54,	56,	56,	56,	54,	56,	63,	69,	73,	80,	85,	89,	74,	43,	36,	42,	49,	57,	99,	155,	161,	160,	160,	160,	159,	158,	158,
144,	144,	144,	143,	144,	142,	109,	62,	53,	73,	99,	107,	112,	116,	127,	133,	135,	123,	100,	86,	80,	72,	66,	57,	50,	44,	40,	38,	39,	44,	48,	54,	64,	73,	81,	86,	85,	78,	66,	54,	47,	42,	38,	36,	32,	28,	29,	33,	38,	44,	48,	52,	54,	54,	50,	47,	51,	56,	56,	56,	59,	66,	72,	79,	85,	89,	81,	49,	37,	41,	47,	54,	94,	153,	159,	161,	160,	158,	158,	158,	158,
143,	144,	143,	142,	144,	145,	119,	64,	47,	69,	98,	105,	109,	113,	122,	121,	111,	92,	75,	67,	58,	46,	39,	33,	29,	27,	30,	29,	32,	38,	40,	48,	56,	67,	78,	87,	87,	80,	68,	54,	47,	40,	36,	34,	31,	30,	33,	34,	32,	34,	35,	41,	44,	47,	50,	49,	43,	46,	51,	55,	57,	64,	72,	79,	84,	89,	85,	54,	39,	39,	43,	53,	95,	149,	160,	159,	159,	160,	159,	158,	159,
143,	143,	142,	143,	144,	144,	125,	69,	44,	66,	96,	106,	105,	108,	106,	90,	78,	68,	59,	50,	43,	36,	30,	28,	25,	29,	30,	32,	35,	37,	42,	46,	54,	67,	81,	93,	95,	88,	75,	59,	47,	39,	35,	32,	33,	35,	33,	25,	25,	26,	25,	35,	40,	36,	37,	41,	44,	42,	46,	53,	57,	63,	72,	81,	85,	90,	87,	58,	43,	41,	40,	51,	84,	113,	138,	158,	160,	158,	159,	158,	158,
143,	143,	144,	143,	143,	143,	135,	84,	43,	58,	93,	101,	101,	98,	84,	70,	64,	62,	61,	53,	48,	42,	36,	33,	31,	30,	30,	29,	31,	37,	41,	46,	53,	70,	91,	106,	110,	103,	84,	64,	47,	39,	35,	35,	40,	36,	28,	21,	20,	22,	25,	38,	49,	44,	39,	38,	39,	43,	46,	53,	57,	62,	71,	80,	85,	90,	89,	61,	43,	41,	38,	59,	85,	85,	100,	148,	160,	159,	159,	158,	159,
142,	142,	143,	143,	143,	145,	141,	101,	46,	49,	89,	102,	97,	85,	69,	63,	66,	69,	62,	51,	44,	39,	37,	33,	32,	33,	33,	34,	35,	35,	37,	43,	51,	70,	100,	125,	130,	118,	97,	70,	50,	39,	37,	41,	40,	35,	32,	26,	22,	24,	26,	39,	49,	48,	49,	50,	53,	54,	52,	55,	61,	65,	72,	81,	88,	92,	91,	66,	38,	38,	43,	65,	77,	65,	75,	132,	159,	159,	158,	158,	159,
143,	143,	144,	144,	144,	144,	144,	117,	53,	42,	85,	102,	93,	77,	64,	65,	67,	63,	49,	40,	35,	28,	25,	26,	31,	34,	33,	37,	43,	42,	40,	42,	49,	69,	106,	139,	149,	134,	107,	77,	55,	46,	47,	50,	43,	41,	44,	39,	32,	32,	35,	45,	53,	54,	58,	61,	66,	69,	65,	62,	66,	69,	77,	85,	90,	92,	92,	74,	37,	34,	47,	68,	69,	58,	70,	126,	159,	158,	158,	158,	158,
143,	143,	143,	143,	143,	143,	145,	134,	69,	40,	79,	99,	89,	74,	65,	68,	68,	51,	39,	33,	24,	21,	23,	26,	35,	44,	41,	41,	43,	46,	48,	52,	55,	71,	111,	146,	160,	147,	117,	86,	65,	57,	57,	59,	56,	58,	61,	60,	59,	59,	59,	58,	57,	57,	62,	68,	71,	74,	74,	74,	77,	79,	86,	88,	91,	92,	91,	81,	42,	30,	50,	67,	69,	62,	69,	123,	159,	159,	158,	158,	158,
142,	143,	143,	143,	143,	142,	145,	143,	90,	41,	72,	97,	88,	74,	64,	65,	58,	41,	33,	31,	26,	22,	21,	26,	37,	50,	50,	50,	48,	54,	58,	65,	66,	78,	115,	148,	160,	150,	126,	98,	75,	69,	66,	64,	62,	64,	66,	69,	66,	66,	64,	61,	62,	65,	67,	68,	69,	71,	77,	83,	89,	91,	92,	91,	90,	89,	89,	86,	51,	31,	55,	64,	70,	69,	70,	121,	157,	158,	158,	157,	157,
142,	142,	142,	142,	143,	143,	143,	145,	105,	42,	62,	94,	89,	78,	67,	64,	50,	38,	35,	37,	33,	28,	27,	30,	43,	57,	63,	68,	64,	64,	66,	73,	79,	91,	121,	150,	161,	151,	131,	107,	84,	81,	81,	76,	70,	67,	69,	70,	69,	68,	66,	66,	65,	63,	63,	63,	65,	71,	82,	89,	95,	97,	94,	93,	89,	88,	91,	91,	68,	44,	62,	67,	76,	76,	73,	123,	158,	158,	158,	157,	156,
143,	143,	143,	144,	144,	144,	143,	144,	117,	48,	52,	89,	89,	83,	73,	64,	51,	46,	49,	55,	55,	44,	43,	53,	61,	70,	75,	74,	68,	66,	70,	82,	95,	106,	124,	148,	163,	156,	135,	114,	92,	85,	90,	91,	86,	81,	79,	76,	74,	70,	67,	66,	65,	62,	65,	69,	77,	84,	92,	96,	100,	100,	95,	93,	87,	85,	89,	93,	82,	58,	62,	69,	79,	81,	79,	127,	158,	157,	156,	156,	158,
141,	141,	142,	143,	141,	142,	142,	144,	126,	53,	43,	86,	92,	87,	80,	67,	58,	66,	73,	70,	69,	64,	64,	67,	68,	70,	70,	66,	69,	75,	85,	100,	113,	115,	123,	140,	160,	161,	142,	121,	98,	85,	91,	96,	95,	92,	90,	87,	83,	80,	77,	76,	78,	80,	83,	86,	91,	95,	95,	100,	102,	100,	96,	93,	88,	86,	90,	93,	89,	61,	49,	61,	72,	83,	88,	131,	157,	156,	156,	156,	156,
140,	141,	141,	141,	142,	143,	142,	139,	122,	61,	36,	85,	100,	94,	87,	78,	79,	89,	91,	86,	76,	70,	69,	67,	67,	64,	64,	73,	82,	90,	103,	117,	123,	118,	119,	134,	155,	162,	145,	124,	102,	88,	88,	94,	97,	96,	98,	99,	94,	89,	85,	83,	86,	90,	93,	92,	94,	98,	98,	100,	101,	97,	94,	91,	89,	89,	90,	94,	94,	68,	48,	54,	64,	76,	91,	134,	157,	156,	155,	156,	156,
142,	141,	142,	142,	142,	142,	141,	136,	115,	71,	39,	79,	106,	101,	100,	95,	94,	100,	97,	89,	79,	73,	69,	64,	63,	70,	84,	94,	96,	105,	117,	125,	131,	122,	119,	130,	152,	163,	149,	127,	107,	91,	84,	90,	93,	94,	100,	103,	102,	97,	95,	91,	90,	90,	93,	93,	95,	97,	99,	99,	98,	95,	91,	90,	89,	88,	91,	92,	94,	83,	64,	53,	59,	72,	94,	137,	157,	156,	155,	156,	156,
141,	140,	141,	142,	142,	142,	140,	136,	108,	68,	43,	76,	107,	109,	109,	108,	107,	103,	96,	91,	84,	76,	73,	75,	87,	98,	103,	103,	108,	119,	125,	128,	131,	120,	116,	126,	150,	164,	153,	131,	113,	97,	87,	88,	92,	94,	100,	106,	107,	107,	103,	97,	96,	95,	96,	97,	98,	99,	97,	97,	95,	91,	91,	89,	89,	90,	90,	92,	93,	88,	80,	60,	60,	74,	95,	139,	157,	155,	155,	154,	154,
141,	140,	140,	141,	142,	142,	141,	141,	107,	63,	44,	72,	105,	113,	112,	118,	121,	116,	109,	104,	103,	103,	104,	104,	106,	108,	107,	111,	123,	130,	130,	127,	125,	116,	115,	128,	149,	160,	155,	139,	124,	107,	92,	84,	88,	94,	100,	107,	111,	114,	111,	107,	106,	105,	104,	103,	102,	100,	97,	93,	92,	92,	90,	89,	89,	89,	89,	92,	91,	85,	80,	67,	65,	79,	97,	140,	155,	154,	155,	155,	154,
141,	140,	140,	141,	141,	141,	141,	143,	114,	69,	47,	69,	104,	110,	114,	122,	129,	132,	131,	127,	126,	125,	120,	115,	110,	108,	114,	126,	137,	136,	134,	128,	122,	115,	118,	132,	149,	157,	154,	141,	127,	113,	97,	85,	86,	86,	96,	105,	112,	114,	115,	116,	115,	113,	114,	111,	108,	103,	99,	94,	93,	93,	91,	89,	89,	88,	88,	89,	90,	85,	77,	71,	69,	81,	100,	139,	153,	154,	154,	154,	154,
140,	139,	140,	141,	141,	141,	141,	141,	122,	79,	54,	65,	102,	107,	113,	120,	133,	137,	138,	136,	131,	125,	119,	116,	114,	118,	127,	135,	142,	141,	138,	128,	118,	117,	125,	134,	144,	156,	156,	145,	126,	113,	100,	91,	89,	82,	84,	98,	109,	112,	114,	116,	117,	117,	119,	118,	115,	112,	104,	99,	96,	92,	92,	90,	90,	87,	86,	86,	87,	83,	73,	70,	83,	87,	100,	141,	154,	154,	153,	153,	154,
141,	139,	140,	141,	140,	141,	141,	141,	129,	90,	66,	70,	103,	109,	111,	120,	131,	135,	136,	131,	126,	124,	120,	117,	122,	128,	138,	143,	143,	142,	135,	120,	115,	122,	128,	135,	144,	153,	150,	137,	118,	103,	95,	92,	95,	90,	78,	84,	98,	107,	112,	114,	117,	120,	121,	121,	118,	113,	110,	103,	98,	94,	93,	94,	92,	89,	89,	88,	85,	82,	70,	73,	88,	89,	100,	141,	152,	152,	154,	153,	153,
140,	140,	140,	140,	140,	140,	139,	142,	134,	98,	84,	90,	101,	107,	111,	118,	125,	129,	133,	132,	128,	126,	125,	127,	132,	140,	146,	145,	139,	137,	125,	111,	123,	132,	126,	130,	134,	132,	124,	111,	97,	84,	77,	79,	86,	92,	80,	73,	87,	100,	109,	113,	116,	119,	120,	120,	118,	114,	110,	106,	101,	94,	94,	94,	92,	92,	87,	90,	86,	81,	76,	81,	84,	89,	108,	146,	151,	151,	153,	152,	152,
140,	141,	140,	141,	139,	140,	140,	141,	137,	105,	91,	102,	104,	106,	111,	116,	121,	124,	128,	128,	127,	127,	136,	139,	145,	151,	149,	142,	134,	125,	110,	108,	132,	129,	113,	110,	110,	104,	94,	83,	76,	70,	63,	61,	71,	80,	79,	68,	79,	93,	103,	111,	115,	117,	119,	119,	117,	113,	110,	106,	101,	96,	95,	92,	93,	92,	89,	88,	85,	81,	75,	77,	76,	86,	120,	151,	153,	151,	152,	152,	151,
140,	139,	138,	140,	141,	141,	140,	141,	141,	123,	100,	102,	104,	108,	112,	118,	118,	121,	126,	126,	130,	139,	148,	152,	153,	153,	148,	139,	124,	112,	98,	106,	125,	112,	93,	87,	87,	82,	74,	66,	65,	60,	41,	32,	45,	61,	68,	61,	73,	88,	99,	108,	114,	116,	117,	116,	113,	111,	108,	104,	100,	97,	96,	92,	89,	91,	90,	89,	85,	79,	75,	75,	76,	86,	130,	152,	153,	151,	150,	151,	152,
139,	139,	139,	139,	140,	140,	141,	142,	141,	134,	110,	100,	103,	107,	112,	118,	121,	122,	125,	128,	135,	148,	154,	155,	154,	149,	142,	130,	115,	101,	88,	95,	104,	87,	64,	57,	64,	67,	60,	56,	58,	47,	32,	27,	35,	46,	53,	59,	78,	93,	102,	108,	112,	113,	115,	115,	113,	108,	105,	102,	99,	96,	94,	92,	90,	88,	88,	86,	86,	83,	75,	75,	75,	98,	143,	154,	151,	151,	151,	152,	154,
140,	139,	139,	138,	140,	139,	141,	140,	140,	140,	125,	103,	103,	107,	112,	118,	122,	125,	129,	135,	141,	150,	153,	154,	149,	142,	132,	117,	105,	91,	85,	84,	82,	61,	39,	35,	46,	55,	51,	49,	50,	43,	43,	44,	44,	45,	50,	67,	87,	100,	107,	112,	113,	112,	113,	112,	108,	103,	101,	99,	97,	93,	92,	91,	89,	87,	86,	85,	85,	82,	73,	70,	86,	126,	151,	152,	151,	152,	150,	150,	151,
140,	139,	140,	139,	140,	140,	142,	140,	140,	142,	136,	111,	102,	105,	110,	119,	123,	126,	129,	136,	142,	150,	150,	150,	146,	138,	126,	111,	100,	92,	96,	94,	81,	60,	49,	49,	48,	47,	46,	43,	42,	42,	43,	47,	48,	50,	62,	80,	93,	104,	111,	115,	115,	113,	111,	109,	104,	100,	98,	95,	93,	91,	91,	90,	89,	84,	85,	84,	83,	84,	85,	100,	126,	149,	151,	150,	150,	149,	149,	149,	152,
140,	138,	140,	140,	140,	140,	142,	142,	140,	141,	140,	124,	104,	103,	110,	119,	123,	127,	132,	135,	139,	146,	145,	144,	139,	132,	122,	111,	102,	104,	114,	117,	107,	82,	63,	57,	55,	52,	48,	42,	43,	44,	44,	50,	53,	59,	75,	88,	97,	105,	110,	114,	116,	115,	111,	107,	102,	98,	95,	92,	91,	88,	88,	88,	87,	86,	82,	81,	80,	83,	113,	147,	151,	151,	151,	151,	150,	149,	149,	150,	151,
140,	139,	139,	139,	140,	140,	141,	141,	141,	140,	141,	133,	107,	102,	109,	117,	122,	127,	132,	134,	137,	142,	140,	137,	133,	128,	121,	113,	112,	121,	131,	134,	127,	108,	86,	73,	70,	65,	57,	51,	52,	50,	51,	54,	59,	67,	78,	87,	95,	102,	105,	108,	112,	113,	109,	104,	101,	96,	93,	91,	90,	85,	85,	85,	84,	83,	81,	76,	78,	83,	115,	150,	150,	149,	151,	148,	150,	150,	149,	150,	150,
138,	139,	140,	140,	139,	139,	139,	140,	141,	142,	142,	132,	107,	100,	107,	116,	121,	126,	129,	132,	134,	134,	135,	133,	130,	127,	124,	121,	129,	137,	144,	142,	133,	115,	99,	90,	84,	78,	67,	58,	58,	60,	61,	61,	65,	67,	74,	82,	90,	95,	95,	96,	104,	108,	105,	101,	97,	93,	90,	88,	86,	83,	84,	85,	82,	79,	78,	74,	77,	79,	114,	149,	150,	148,	149,	150,	149,	149,	149,	149,	149,
138,	138,	138,	139,	140,	139,	140,	140,	141,	139,	142,	136,	106,	98,	108,	115,	121,	122,	125,	127,	129,	131,	129,	131,	131,	128,	129,	133,	140,	145,	145,	137,	128,	112,	100,	93,	92,	84,	72,	66,	66,	69,	67,	64,	64,	67,	71,	75,	82,	87,	85,	87,	91,	96,	97,	97,	94,	91,	88,	85,	83,	84,	83,	81,	80,	76,	76,	71,	75,	77,	112,	149,	150,	149,	150,	149,	150,	149,	149,	149,	149,
139,	140,	140,	139,	139,	138,	139,	138,	139,	139,	141,	139,	108,	98,	106,	114,	118,	120,	121,	121,	125,	128,	126,	127,	129,	128,	131,	136,	138,	136,	132,	128,	119,	103,	94,	91,	90,	90,	79,	76,	80,	81,	73,	68,	66,	67,	67,	75,	75,	78,	78,	77,	78,	81,	86,	89,	88,	87,	85,	85,	84,	82,	81,	79,	79,	76,	74,	72,	74,	76,	112,	148,	149,	149,	150,	150,	149,	148,	147,	149,	149,
138,	137,	138,	139,	138,	138,	140,	140,	140,	140,	140,	141,	115,	98,	105,	111,	116,	117,	118,	118,	121,	125,	124,	126,	127,	128,	130,	131,	127,	119,	113,	114,	106,	98,	96,	96,	100,	104,	97,	95,	100,	101,	90,	80,	77,	76,	71,	74,	74,	69,	68,	68,	70,	72,	78,	81,	83,	84,	83,	83,	82,	79,	78,	78,	77,	75,	73,	72,	72,	76,	114,	149,	148,	149,	149,	149,	148,	149,	148,	148,	148,
140,	137,	137,	138,	138,	138,	140,	139,	138,	139,	140,	141,	125,	98,	100,	107,	112,	114,	117,	120,	120,	121,	121,	121,	121,	126,	126,	118,	110,	104,	98,	97,	98,	102,	110,	113,	115,	111,	107,	110,	112,	103,	89,	84,	84,	82,	78,	75,	70,	63,	60,	58,	59,	63,	68,	73,	76,	80,	82,	80,	79,	78,	77,	78,	75,	73,	72,	70,	68,	74,	116,	149,	148,	148,	148,	148,	148,	150,	149,	149,	147,
139,	139,	139,	138,	137,	137,	139,	139,	139,	139,	140,	141,	137,	110,	98,	103,	107,	111,	116,	116,	115,	117,	119,	118,	119,	123,	120,	108,	100,	97,	92,	93,	99,	111,	117,	110,	97,	82,	83,	91,	88,	74,	63,	64,	68,	68,	66,	63,	62,	57,	50,	45,	46,	54,	61,	67,	70,	76,	80,	78,	77,	78,	76,	76,	74,	72,	71,	70,	68,	75,	120,	150,	149,	148,	149,	150,	149,	147,	147,	148,	147,
138,	138,	137,	136,	137,	138,	138,	138,	138,	137,	138,	139,	142,	125,	98,	98,	102,	108,	113,	114,	114,	114,	114,	115,	116,	117,	113,	103,	92,	86,	84,	89,	97,	99,	88,	77,	64,	57,	59,	62,	58,	53,	51,	47,	46,	43,	42,	44,	42,	40,	37,	38,	43,	52,	58,	63,	68,	73,	77,	77,	76,	74,	74,	73,	72,	70,	70,	70,	68,	78,	128,	150,	148,	148,	148,	148,	148,	147,	147,	147,	148,
137,	136,	135,	135,	137,	137,	137,	138,	137,	138,	139,	140,	141,	133,	101,	94,	98,	104,	108,	109,	110,	109,	110,	113,	114,	113,	105,	92,	79,	72,	70,	75,	77,	68,	56,	50,	46,	46,	45,	45,	44,	42,	44,	43,	46,	46,	45,	48,	48,	48,	51,	56,	58,	58,	59,	60,	66,	72,	75,	74,	72,	69,	70,	70,	70,	70,	69,	68,	66,	86,	137,	149,	148,	149,	148,	148,	148,	149,	149,	148,	148,
137,	137,	136,	135,	136,	137,	137,	137,	136,	137,	138,	141,	141,	137,	106,	90,	95,	102,	106,	104,	104,	104,	105,	108,	112,	107,	96,	82,	68,	58,	51,	51,	47,	44,	48,	49,	53,	54,	54,	57,	57,	61,	65,	69,	73,	73,	72,	74,	72,	71,	73,	75,	73,	66,	63,	60,	65,	70,	73,	71,	67,	66,	65,	66,	67,	69,	68,	65,	65,	95,	145,	148,	148,	148,	147,	149,	148,	148,	148,	148,	147,
137,	135,	136,	136,	136,	136,	137,	137,	136,	137,	138,	139,	140,	140,	114,	88,	90,	98,	101,	101,	100,	99,	100,	106,	108,	101,	89,	75,	62,	51,	47,	51,	57,	69,	80,	84,	90,	94,	94,	96,	98,	101,	99,	96,	93,	89,	84,	81,	80,	82,	83,	82,	79,	75,	69,	62,	63,	67,	68,	66,	65,	64,	63,	64,	65,	66,	65,	65,	66,	103,	146,	148,	147,	147,	148,	148,	147,	148,	148,	147,	145,
136,	136,	136,	136,	135,	135,	137,	137,	137,	137,	137,	139,	140,	140,	125,	91,	88,	93,	98,	98,	97,	98,	99,	102,	105,	98,	87,	71,	59,	58,	72,	84,	91,	101,	107,	106,	107,	108,	111,	115,	114,	111,	103,	96,	90,	87,	85,	83,	83,	85,	85,	84,	81,	77,	73,	67,	64,	63,	62,	61,	60,	59,	59,	60,	63,	64,	65,	65,	67,	103,	144,	148,	146,	147,	146,	146,	147,	145,	144,	144,	141,
135,	135,	136,	136,	136,	136,	137,	136,	136,	137,	136,	138,	139,	139,	134,	99,	81,	89,	93,	95,	94,	94,	97,	99,	100,	98,	87,	71,	65,	72,	93,	104,	106,	108,	106,	104,	105,	106,	106,	103,	98,	92,	86,	84,	82,	82,	83,	84,	82,	82,	80,	80,	78,	75,	72,	66,	61,	59,	57,	57,	57,	56,	56,	56,	61,	64,	64,	63,	67,	102,	144,	148,	145,	145,	145,	146,	147,	145,	143,	141,	136,
135,	134,	135,	135,	135,	135,	136,	136,	135,	136,	136,	137,	139,	139,	139,	113,	81,	80,	86,	92,	91,	92,	92,	95,	94,	94,	84,	71,	74,	89,	106,	112,	112,	111,	107,	103,	101,	96,	90,	80,	72,	64,	62,	69,	75,	76,	75,	76,	76,	74,	73,	72,	72,	72,	69,	63,	58,	56,	55,	55,	54,	55,	56,	56,	59,	62,	61,	62,	67,	98,	143,	147,	147,	145,	145,	146,	145,	144,	141,	135,	131,
136,	135,	135,	135,	135,	135,	136,	136,	136,	136,	137,	138,	139,	139,	140,	129,	88,	76,	81,	85,	88,	88,	88,	87,	86,	86,	79,	73,	81,	97,	106,	110,	110,	109,	105,	100,	93,	84,	74,	64,	56,	52,	50,	55,	60,	60,	61,	65,	67,	67,	68,	67,	66,	67,	66,	61,	56,	55,	54,	54,	54,	55,	56,	58,	60,	60,	59,	63,	68,	94,	141,	147,	147,	144,	144,	145,	143,	141,	137,	130,	127,
136,	136,	135,	135,	135,	135,	136,	135,	135,	136,	136,	138,	138,	138,	140,	140,	109,	78,	77,	79,	85,	84,	84,	83,	82,	81,	76,	73,	78,	93,	99,	101,	99,	96,	93,	87,	80,	70,	62,	55,	52,	49,	45,	46,	49,	52,	56,	61,	63,	65,	65,	66,	65,	65,	64,	58,	53,	52,	52,	54,	56,	55,	56,	59,	61,	60,	62,	63,	67,	93,	139,	147,	146,	145,	144,	145,	142,	137,	132,	128,	126,
137,	136,	135,	135,	136,	136,	136,	136,	136,	136,	136,	138,	138,	139,	139,	143,	138,	89,	74,	75,	77,	81,	78,	79,	77,	76,	74,	72,	75,	86,	92,	93,	86,	84,	82,	76,	67,	58,	52,	50,	50,	49,	46,	46,	48,	52,	57,	61,	62,	64,	65,	66,	66,	66,	64,	58,	55,	54,	55,	56,	57,	56,	58,	60,	60,	62,	63,	63,	67,	91,	137,	146,	146,	145,	145,	143,	139,	133,	129,	126,	124,
135,	135,	135,	135,	136,	135,	136,	136,	136,	136,	136,	136,	138,	140,	138,	141,	155,	120,	76,	72,	72,	76,	77,	75,	74,	74,	72,	69,	70,	76,	83,	86,	82,	78,	76,	71,	66,	60,	55,	54,	52,	51,	50,	53,	57,	60,	63,	63,	64,	65,	66,	65,	64,	64,	62,	58,	56,	56,	58,	58,	56,	55,	57,	58,	60,	63,	64,	65,	69,	89,	135,	146,	144,	144,	143,	141,	135,	130,	128,	126,	123,
136,	136,	137,	137,	134,	135,	136,	136,	136,	136,	136,	136,	137,	140,	138,	140,	156,	152,	90,	68,	71,	73,	76,	75,	72,	70,	69,	67,	67,	71,	74,	81,	82,	78,	77,	75,	69,	67,	68,	71,	71,	67,	67,	69,	71,	74,	72,	69,	66,	69,	70,	67,	65,	66,	62,	58,	56,	56,	58,	59,	55,	56,	57,	57,	59,	64,	64,	66,	70,	89,	134,	146,	145,	143,	141,	137,	132,	127,	126,	124,	121,
135,	134,	135,	135,	133,	135,	135,	135,	135,	135,	135,	135,	136,	139,	138,	139,	152,	166,	123,	70,	67,	69,	71,	74,	71,	71,	70,	66,	66,	72,	75,	75,	81,	80,	80,	81,	79,	80,	89,	98,	96,	86,	82,	82,	84,	86,	83,	77,	75,	76,	76,	73,	69,	68,	65,	59,	57,	59,	57,	57,	56,	56,	57,	59,	62,	64,	64,	65,	70,	88,	134,	146,	144,	142,	139,	134,	129,	126,	123,	120,	121,
134,	134,	134,	135,	134,	135,	135,	135,	135,	135,	135,	135,	136,	138,	138,	138,	148,	167,	153,	92,	63,	66,	71,	70,	72,	72,	70,	69,	69,	73,	77,	79,	82,	83,	85,	90,	94,	97,	103,	109,	104,	97,	94,	90,	91,	91,	88,	81,	78,	77,	79,	78,	73,	70,	67,	60,	58,	59,	56,	56,	56,	55,	56,	62,	63,	62,	63,	66,	71,	88,	134,	145,	142,	140,	137,	130,	126,	123,	121,	121,	122,
134,	134,	134,	135,	135,	135,	135,	135,	136,	136,	135,	135,	136,	138,	138,	137,	145,	162,	165,	125,	69,	62,	65,	69,	71,	74,	72,	71,	71,	74,	79,	79,	85,	90,	96,	100,	104,	104,	104,	106,	101,	99,	97,	91,	88,	87,	84,	80,	77,	71,	72,	73,	69,	67,	64,	60,	59,	57,	54,	56,	55,	55,	58,	63,	63,	61,	62,	66,	69,	88,	132,	145,	143,	138,	134,	129,	125,	123,	121,	121,	122,
134,	134,	134,	134,	134,	134,	134,	134,	135,	135,	135,	135,	135,	137,	137,	136,	143,	163,	166,	144,	80,	63,	62,	67,	70,	72,	73,	75,	73,	75,	79,	80,	86,	93,	100,	101,	99,	97,	97,	97,	93,	89,	85,	82,	78,	79,	76,	71,	71,	66,	65,	66,	67,	66,	61,	57,	55,	53,	53,	55,	54,	57,	62,	63,	63,	61,	61,	66,	69,	82,	115,	140,	143,	136,	131,	126,	121,	120,	121,	122,	120,
134,	134,	134,	134,	134,	133,	133,	134,	134,	134,	135,	135,	135,	136,	137,	136,	142,	160,	166,	151,	95,	70,	66,	64,	67,	70,	71,	75,	75,	71,	75,	83,	87,	92,	95,	94,	90,	87,	87,	83,	78,	75,	70,	67,	64,	66,	64,	61,	62,	62,	58,	58,	60,	59,	56,	52,	52,	52,	53,	55,	55,	57,	61,	61,	61,	60,	60,	65,	70,	75,	82,	110,	135,	137,	130,	125,	122,	121,	119,	119,	121,
133,	133,	134,	134,	134,	132,	133,	134,	134,	134,	134,	134,	135,	136,	136,	136,	139,	157,	166,	156,	107,	77,	70,	67,	62,	66,	69,	71,	74,	74,	76,	83,	85,	86,	86,	87,	85,	82,	81,	73,	67,	64,	57,	53,	55,	57,	55,	51,	52,	55,	54,	54,	54,	53,	52,	49,	50,	52,	55,	57,	57,	57,	59,	60,	60,	62,	63,	66,	73,	77,	63,	77,	112,	130,	129,	124,	121,	119,	118,	119,	121,
133,	133,	134,	135,	134,	133,	134,	134,	134,	134,	134,	134,	135,	136,	136,	135,	137,	155,	164,	155,	106,	81,	76,	70,	66,	61,	63,	69,	71,	71,	72,	77,	83,	80,	78,	78,	77,	77,	73,	63,	57,	53,	50,	48,	49,	50,	50,	47,	44,	46,	49,	49,	47,	47,	48,	48,	49,	52,	56,	57,	57,	57,	58,	58,	59,	60,	62,	66,	71,	75,	55,	56,	83,	113,	124,	124,	120,	118,	118,	118,	119,
134,	133,	134,	134,	133,	133,	134,	134,	134,	133,	134,	134,	135,	136,	136,	135,	136,	151,	164,	148,	94,	85,	83,	75,	73,	67,	62,	64,	67,	69,	69,	69,	74,	73,	71,	70,	70,	68,	62,	55,	52,	49,	47,	46,	47,	47,	46,	44,	42,	41,	43,	43,	43,	44,	47,	47,	51,	53,	55,	56,	55,	55,	58,	58,	57,	60,	62,	66,	70,	75,	54,	48,	65,	93,	121,	124,	119,	118,	117,	119,	119,
131,	133,	134,	134,	135,	134,	134,	134,	132,	133,	134,	134,	134,	136,	136,	135,	136,	150,	165,	151,	88,	86,	90,	85,	79,	77,	68,	63,	62,	65,	68,	65,	67,	67,	68,	65,	62,	58,	52,	50,	49,	46,	44,	43,	43,	43,	42,	41,	40,	39,	41,	42,	43,	42,	44,	48,	50,	53,	55,	53,	54,	57,	57,	57,	57,	58,	62,	67,	71,	74,	51,	43,	55,	81,	115,	127,	121,	120,	119,	118,	119,
132,	134,	134,	133,	134,	134,	133,	133,	134,	134,	134,	135,	136,	135,	135,	136,	136,	148,	163,	161,	99,	87,	92,	91,	88,	84,	78,	69,	62,	61,	61,	62,	64,	63,	61,	57,	54,	52,	48,	47,	47,	44,	42,	41,	41,	41,	40,	40,	40,	41,	40,	40,	41,	44,	45,	49,	50,	53,	54,	51,	52,	55,	56,	58,	58,	59,	64,	69,	73,	75,	51,	39,	53,	80,	104,	125,	129,	121,	118,	118,	120,
132,	132,	133,	134,	134,	132,	133,	134,	134,	135,	134,	135,	136,	136,	136,	136,	135,	144,	161,	170,	121,	88,	94,	91,	93,	90,	84,	80,	72,	65,	61,	58,	60,	61,	59,	54,	52,	50,	48,	45,	46,	44,	43,	41,	41,	42,	41,	41,	42,	41,	40,	42,	44,	48,	49,	52,	51,	50,	51,	52,	55,	57,	58,	58,	60,	63,	67,	71,	75,	75,	52,	36,	52,	82,	98,	117,	131,	128,	120,	119,	121,
131,	131,	131,	133,	132,	131,	132,	132,	133,	133,	133,	134,	135,	134,	135,	135,	134,	140,	158,	172,	147,	96,	89,	89,	91,	93,	90,	83,	77,	72,	67,	59,	53,	55,	56,	55,	54,	50,	48,	47,	46,	45,	44,	42,	41,	42,	41,	42,	43,	42,	42,	45,	47,	50,	50,	51,	50,	49,	50,	52,	56,	58,	59,	58,	62,	65,	69,	72,	76,	75,	51,	36,	51,	82,	94,	108,	127,	134,	127,	121,	123,
