168,	171,	173,	174,	177,	199,	206,	203,	200,	199,	199,	196,	194,	196,	194,	194,	192,	191,	191,	192,	192,	191,	189,	187,	180,	179,	172,	160,	129,	99,	88,	89,	87,	82,	75,	76,	85,	90,	80,	82,	82,	78,	72,	67,	66,	56,	58,	69,	72,	77,	74,	70,	73,	86,	115,	141,	145,	152,	160,	167,	179,	185,	188,	188,	184,	184,	191,	190,	191,	192,	192,	192,	193,	193,	193,	194,	193,	193,	194,	194,	194,
168,	170,	173,	172,	173,	194,	203,	200,	200,	196,	196,	195,	195,	194,	193,	192,	191,	193,	191,	190,	191,	190,	187,	177,	156,	138,	124,	110,	94,	78,	80,	83,	84,	82,	77,	70,	77,	84,	77,	81,	83,	82,	75,	62,	66,	56,	51,	66,	69,	65,	69,	76,	77,	70,	82,	108,	119,	119,	133,	144,	163,	181,	188,	183,	185,	177,	189,	189,	189,	192,	193,	193,	195,	193,	193,	194,	194,	193,	194,	194,	193,
166,	169,	172,	170,	173,	191,	200,	198,	197,	195,	195,	194,	193,	191,	193,	193,	194,	190,	192,	190,	187,	182,	167,	139,	103,	86,	80,	74,	77,	81,	80,	82,	84,	79,	74,	70,	72,	73,	76,	76,	71,	74,	65,	58,	65,	56,	50,	64,	64,	62,	69,	77,	81,	77,	74,	71,	92,	114,	124,	122,	137,	163,	169,	171,	175,	171,	183,	187,	186,	191,	194,	193,	194,	193,	192,	193,	194,	194,	194,	193,	193,
163,	167,	170,	169,	172,	189,	199,	197,	195,	194,	194,	193,	193,	192,	192,	191,	189,	189,	185,	185,	183,	169,	136,	97,	74,	78,	75,	81,	93,	91,	86,	84,	81,	73,	68,	66,	66,	64,	68,	71,	69,	57,	52,	62,	64,	51,	53,	64,	68,	75,	89,	91,	87,	81,	74,	64,	70,	94,	113,	108,	108,	123,	143,	149,	147,	152,	173,	186,	188,	193,	192,	194,	193,	193,	193,	194,	194,	194,	194,	194,	192,
164,	166,	169,	170,	170,	187,	199,	196,	193,	193,	194,	194,	191,	191,	189,	187,	183,	183,	182,	169,	148,	119,	98,	84,	71,	78,	88,	89,	96,	92,	85,	82,	73,	71,	68,	64,	65,	65,	64,	64,	57,	47,	53,	59,	56,	48,	52,	58,	64,	80,	100,	100,	93,	85,	76,	65,	63,	76,	100,	103,	100,	106,	121,	130,	126,	131,	154,	181,	191,	192,	192,	193,	192,	193,	194,	194,	193,	193,	193,	193,	192,
163,	165,	168,	169,	169,	186,	198,	196,	193,	192,	191,	191,	191,	191,	187,	186,	185,	175,	149,	113,	100,	95,	92,	81,	72,	88,	100,	98,	93,	85,	78,	71,	63,	63,	65,	67,	68,	69,	64,	58,	52,	50,	52,	55,	50,	50,	45,	49,	61,	72,	89,	100,	93,	80,	75,	63,	51,	65,	87,	91,	100,	97,	106,	102,	103,	115,	133,	163,	189,	191,	194,	193,	193,	193,	193,	192,	192,	191,	191,	192,	191,
163,	166,	168,	168,	170,	184,	195,	194,	191,	192,	191,	191,	190,	188,	186,	185,	166,	126,	97,	97,	92,	92,	86,	78,	85,	101,	110,	106,	99,	86,	74,	69,	65,	62,	66,	66,	59,	58,	56,	57,	56,	52,	49,	52,	52,	63,	60,	56,	64,	60,	68,	89,	85,	75,	76,	63,	50,	58,	73,	75,	88,	101,	91,	81,	82,	97,	117,	143,	175,	190,	193,	194,	193,	193,	192,	191,	191,	191,	190,	191,	191,
161,	164,	168,	168,	169,	181,	195,	193,	192,	191,	191,	192,	189,	185,	184,	172,	142,	102,	100,	95,	86,	85,	80,	87,	97,	92,	107,	98,	86,	79,	75,	68,	72,	72,	61,	53,	54,	58,	60,	60,	57,	54,	56,	54,	64,	74,	73,	69,	68,	62,	70,	81,	73,	72,	73,	61,	52,	61,	68,	69,	70,	99,	97,	79,	82,	87,	99,	126,	153,	181,	192,	192,	192,	192,	192,	191,	192,	192,	191,	191,	192,
161,	164,	167,	167,	169,	182,	194,	192,	192,	191,	190,	190,	191,	185,	183,	168,	120,	99,	99,	89,	82,	88,	89,	90,	95,	105,	103,	82,	84,	85,	73,	65,	67,	67,	63,	56,	61,	61,	62,	64,	63,	68,	71,	70,	74,	85,	81,	75,	72,	74,	79,	82,	65,	63,	82,	69,	60,	61,	66,	64,	63,	82,	107,	87,	74,	79,	89,	112,	145,	174,	189,	191,	192,	192,	192,	192,	191,	191,	191,	191,	191,
163,	162,	164,	166,	167,	181,	194,	191,	190,	189,	188,	189,	188,	184,	173,	138,	98,	108,	97,	85,	92,	97,	88,	92,	105,	109,	99,	94,	86,	75,	67,	67,	58,	56,	66,	69,	69,	74,	80,	80,	81,	81,	82,	82,	91,	98,	89,	83,	81,	81,	81,	79,	63,	55,	85,	85,	68,	57,	62,	64,	56,	67,	97,	101,	77,	72,	79,	88,	121,	169,	187,	192,	192,	192,	191,	190,	190,	190,	190,	191,	191,
159,	161,	164,	165,	167,	179,	192,	192,	191,	189,	185,	187,	183,	171,	148,	108,	104,	109,	98,	96,	106,	97,	82,	103,	106,	103,	94,	80,	69,	65,	77,	63,	62,	71,	82,	85,	80,	80,	86,	88,	90,	93,	98,	105,	107,	101,	98,	92,	89,	89,	95,	85,	74,	70,	90,	94,	69,	55,	52,	60,	55,	55,	79,	98,	82,	73,	72,	64,	99,	170,	190,	190,	191,	191,	191,	190,	190,	190,	189,	189,	190,
159,	162,	163,	164,	165,	178,	191,	191,	190,	189,	188,	182,	174,	144,	108,	105,	105,	100,	96,	104,	113,	95,	94,	97,	91,	81,	74,	72,	69,	69,	73,	69,	82,	95,	105,	104,	98,	98,	98,	101,	104,	111,	113,	109,	107,	107,	108,	104,	101,	104,	108,	96,	83,	92,	105,	95,	73,	52,	47,	55,	48,	54,	69,	89,	82,	76,	67,	58,	113,	178,	188,	190,	190,	190,	189,	189,	189,	190,	190,	189,	190,
158,	161,	163,	163,	164,	178,	191,	190,	188,	186,	187,	184,	146,	105,	94,	100,	99,	98,	98,	102,	95,	87,	81,	80,	77,	75,	70,	70,	70,	67,	66,	85,	108,	119,	123,	124,	119,	117,	115,	117,	122,	121,	118,	115,	112,	115,	118,	114,	106,	111,	107,	100,	92,	94,	96,	85,	64,	48,	46,	56,	43,	50,	63,	84,	83,	73,	70,	70,	131,	184,	188,	190,	190,	188,	188,	189,	189,	190,	190,	189,	189,
156,	161,	163,	163,	163,	176,	189,	188,	186,	182,	176,	149,	104,	91,	97,	97,	99,	99,	100,	93,	88,	85,	82,	80,	80,	76,	70,	72,	72,	67,	74,	104,	127,	142,	143,	143,	134,	126,	126,	128,	128,	126,	120,	118,	114,	120,	127,	121,	112,	111,	109,	97,	87,	87,	86,	75,	63,	56,	49,	57,	47,	48,	58,	79,	81,	71,	70,	71,	112,	174,	187,	189,	189,	188,	189,	190,	189,	188,	189,	189,	190,
157,	161,	161,	162,	163,	174,	189,	188,	184,	178,	154,	110,	93,	106,	100,	99,	98,	100,	107,	104,	96,	91,	87,	79,	79,	74,	76,	80,	81,	65,	82,	116,	142,	148,	149,	146,	140,	137,	132,	129,	130,	128,	126,	120,	120,	126,	130,	131,	127,	120,	114,	105,	99,	94,	87,	77,	70,	66,	66,	64,	52,	51,	57,	81,	83,	71,	71,	73,	89,	147,	186,	186,	189,	188,	190,	189,	187,	187,	188,	189,	187,
159,	160,	161,	163,	162,	172,	190,	190,	184,	168,	122,	92,	108,	109,	87,	97,	97,	113,	118,	108,	103,	95,	87,	80,	75,	80,	86,	100,	91,	83,	91,	120,	143,	151,	149,	152,	152,	147,	142,	137,	132,	130,	132,	130,	131,	133,	139,	140,	132,	124,	116,	110,	101,	93,	85,	80,	81,	80,	83,	76,	63,	55,	59,	81,	83,	74,	71,	69,	79,	115,	179,	188,	187,	188,	189,	188,	187,	188,	188,	187,	189,
156,	158,	161,	163,	162,	172,	187,	189,	185,	157,	105,	97,	112,	110,	85,	104,	109,	112,	108,	104,	105,	93,	79,	86,	95,	102,	105,	120,	115,	108,	107,	120,	145,	157,	159,	159,	159,	160,	159,	156,	147,	142,	141,	139,	137,	140,	146,	142,	133,	127,	122,	115,	106,	102,	98,	92,	89,	93,	95,	87,	74,	62,	61,	79,	80,	77,	67,	64,	74,	100,	169,	190,	188,	187,	187,	187,	187,	187,	187,	187,	188,
155,	157,	159,	163,	164,	171,	187,	187,	177,	135,	100,	104,	118,	108,	101,	109,	101,	91,	93,	92,	92,	86,	88,	109,	122,	115,	116,	127,	136,	132,	124,	131,	144,	155,	161,	161,	163,	166,	170,	167,	163,	156,	153,	145,	141,	147,	151,	149,	146,	144,	141,	138,	133,	124,	116,	109,	101,	99,	98,	97,	89,	74,	68,	78,	80,	82,	65,	61,	66,	85,	151,	190,	187,	187,	186,	186,	186,	187,	187,	186,	186,
155,	157,	159,	161,	161,	169,	185,	184,	164,	110,	107,	118,	118,	103,	101,	100,	96,	96,	94,	84,	81,	88,	106,	123,	123,	115,	125,	134,	143,	143,	139,	143,	152,	159,	166,	171,	172,	173,	177,	173,	170,	166,	161,	151,	143,	147,	155,	157,	159,	159,	156,	151,	146,	140,	133,	125,	116,	110,	106,	103,	100,	88,	73,	77,	81,	82,	65,	61,	64,	71,	125,	184,	188,	187,	186,	187,	186,	187,	187,	186,	186,
155,	155,	159,	163,	162,	169,	182,	184,	143,	97,	114,	130,	116,	94,	95,	95,	96,	94,	85,	79,	86,	100,	113,	126,	124,	121,	129,	138,	141,	149,	155,	159,	166,	170,	172,	176,	175,	177,	178,	174,	173,	169,	164,	156,	152,	154,	158,	160,	164,	164,	159,	152,	148,	144,	140,	134,	126,	121,	116,	109,	106,	97,	80,	74,	79,	78,	65,	60,	68,	75,	103,	167,	189,	187,	186,	187,	187,	186,	186,	185,	186,
154,	157,	160,	160,	162,	168,	184,	175,	113,	102,	124,	129,	105,	88,	98,	96,	95,	96,	82,	82,	96,	112,	121,	126,	126,	128,	129,	139,	145,	156,	167,	173,	174,	178,	178,	178,	176,	175,	173,	171,	167,	165,	161,	153,	154,	157,	158,	159,	163,	164,	156,	149,	148,	146,	142,	136,	130,	124,	119,	115,	109,	100,	88,	75,	72,	75,	63,	62,	70,	86,	94,	148,	188,	188,	185,	187,	187,	186,	186,	186,	185,
154,	155,	157,	160,	163,	166,	188,	160,	96,	108,	122,	126,	91,	86,	109,	109,	101,	96,	86,	95,	107,	118,	128,	127,	130,	131,	132,	144,	155,	163,	170,	172,	171,	169,	168,	166,	165,	162,	162,	160,	156,	155,	149,	146,	149,	150,	154,	152,	155,	155,	148,	141,	139,	139,	137,	129,	123,	121,	121,	119,	114,	106,	92,	75,	70,	71,	63,	66,	72,	85,	94,	134,	183,	187,	186,	186,	185,	185,	185,	186,	185,
154,	155,	157,	159,	159,	164,	178,	126,	89,	108,	120,	122,	79,	88,	115,	114,	106,	93,	96,	108,	115,	124,	130,	130,	128,	129,	139,	149,	158,	157,	152,	143,	136,	133,	131,	128,	132,	138,	143,	143,	139,	141,	137,	140,	137,	137,	142,	140,	139,	138,	136,	132,	128,	127,	124,	113,	105,	101,	109,	115,	117,	111,	95,	85,	70,	59,	61,	66,	72,	78,	89,	129,	180,	186,	187,	187,	186,	185,	185,	185,	185,
155,	155,	157,	160,	157,	163,	161,	98,	98,	106,	121,	110,	77,	103,	120,	114,	105,	95,	106,	114,	119,	128,	134,	130,	125,	131,	146,	144,	137,	122,	105,	90,	83,	80,	73,	72,	80,	93,	103,	113,	117,	121,	126,	127,	117,	121,	123,	124,	125,	127,	125,	118,	113,	110,	100,	85,	71,	73,	79,	82,	95,	109,	105,	92,	73,	53,	59,	66,	74,	80,	85,	130,	182,	187,	186,	186,	186,	185,	186,	186,	184,
154,	155,	157,	159,	158,	164,	145,	98,	104,	102,	126,	102,	88,	117,	117,	109,	98,	101,	112,	119,	115,	128,	133,	126,	125,	140,	141,	117,	98,	80,	62,	54,	49,	44,	42,	41,	44,	50,	65,	81,	92,	101,	106,	107,	100,	107,	112,	110,	107,	110,	107,	94,	89,	80,	65,	50,	44,	45,	45,	48,	55,	75,	92,	93,	81,	56,	59,	62,	69,	74,	78,	110,	170,	187,	185,	185,	185,	185,	186,	185,	185,
153,	156,	156,	158,	158,	157,	116,	93,	101,	106,	122,	98,	101,	115,	109,	94,	98,	107,	112,	111,	115,	124,	127,	126,	130,	134,	106,	78,	67,	57,	46,	41,	36,	33,	33,	32,	35,	37,	46,	57,	67,	83,	91,	90,	88,	97,	105,	101,	92,	91,	86,	73,	65,	52,	39,	36,	35,	35,	36,	38,	41,	49,	58,	69,	78,	60,	55,	67,	65,	70,	74,	84,	127,	182,	187,	185,	184,	186,	185,	185,	185,
153,	153,	157,	158,	160,	143,	89,	87,	102,	117,	111,	105,	111,	107,	90,	92,	99,	102,	101,	103,	116,	119,	125,	129,	125,	96,	69,	60,	51,	46,	43,	42,	44,	42,	40,	38,	40,	41,	45,	47,	57,	71,	78,	80,	85,	98,	106,	95,	82,	76,	70,	61,	53,	47,	40,	37,	36,	35,	35,	37,	39,	39,	39,	47,	58,	60,	52,	64,	70,	62,	71,	83,	89,	151,	188,	186,	183,	186,	186,	186,	185,
153,	154,	155,	158,	159,	119,	66,	91,	117,	122,	102,	112,	106,	91,	83,	82,	83,	92,	97,	105,	118,	125,	130,	121,	99,	62,	51,	48,	46,	46,	47,	53,	53,	51,	48,	47,	47,	46,	50,	51,	56,	64,	70,	76,	86,	99,	106,	95,	77,	67,	58,	53,	50,	45,	40,	37,	36,	37,	38,	40,	38,	38,	37,	35,	43,	53,	50,	59,	71,	58,	65,	79,	80,	105,	172,	187,	186,	184,	186,	185,	184,
153,	153,	154,	158,	152,	94,	65,	100,	124,	110,	101,	109,	98,	79,	72,	72,	79,	88,	97,	108,	121,	131,	125,	102,	74,	51,	50,	50,	55,	56,	54,	54,	51,	51,	51,	51,	51,	49,	51,	51,	53,	59,	67,	77,	92,	101,	100,	88,	72,	60,	50,	46,	43,	39,	37,	38,	41,	44,	45,	48,	47,	46,	44,	37,	37,	43,	49,	53,	68,	56,	59,	72,	79,	77,	142,	185,	186,	185,	185,	185,	184,
152,	154,	155,	158,	134,	72,	80,	115,	131,	97,	113,	108,	85,	72,	66,	73,	82,	86,	98,	113,	122,	131,	114,	88,	71,	59,	59,	65,	69,	71,	64,	58,	54,	50,	48,	46,	47,	50,	52,	49,	50,	55,	64,	81,	104,	116,	110,	92,	68,	52,	43,	39,	37,	36,	37,	37,	41,	47,	50,	52,	54,	54,	53,	47,	40,	43,	47,	45,	63,	58,	53,	65,	72,	65,	115,	179,	185,	185,	184,	184,	184,
153,	154,	155,	156,	102,	62,	92,	135,	136,	106,	119,	95,	72,	64,	68,	75,	83,	93,	111,	124,	128,	128,	103,	74,	69,	67,	72,	86,	86,	72,	54,	52,	49,	49,	48,	47,	47,	47,	49,	50,	49,	51,	61,	87,	125,	143,	137,	108,	69,	44,	37,	34,	35,	34,	33,	35,	40,	45,	49,	53,	58,	62,	61,	55,	49,	48,	45,	39,	51,	65,	58,	66,	70,	61,	95,	168,	187,	184,	183,	184,	183,
153,	154,	156,	142,	84,	66,	91,	147,	135,	118,	114,	84,	66,	60,	63,	74,	88,	106,	126,	134,	132,	120,	96,	76,	70,	76,	89,	89,	61,	39,	34,	34,	46,	50,	44,	45,	53,	52,	50,	49,	48,	50,	59,	87,	134,	155,	154,	125,	72,	35,	33,	34,	34,	36,	41,	43,	41,	43,	46,	50,	53,	58,	64,	61,	53,	51,	53,	41,	43,	61,	62,	71,	73,	62,	78,	152,	185,	184,	185,	183,	184,
151,	151,	155,	135,	79,	65,	93,	144,	124,	132,	113,	76,	59,	53,	61,	72,	93,	118,	138,	140,	132,	108,	95,	83,	77,	85,	86,	56,	33,	23,	32,	36,	45,	72,	62,	51,	49,	60,	59,	52,	51,	54,	63,	90,	140,	164,	161,	134,	80,	34,	32,	37,	41,	44,	38,	27,	26,	31,	38,	40,	44,	51,	58,	65,	60,	57,	59,	40,	40,	53,	59,	73,	73,	64,	79,	142,	181,	184,	183,	183,	184,
152,	151,	153,	138,	84,	64,	86,	134,	123,	139,	105,	70,	61,	61,	66,	75,	101,	131,	145,	146,	134,	110,	96,	84,	85,	87,	61,	34,	27,	24,	23,	26,	40,	76,	76,	67,	61,	63,	66,	66,	68,	70,	71,	102,	145,	169,	162,	135,	91,	40,	35,	46,	49,	39,	25,	23,	31,	25,	43,	55,	43,	40,	51,	60,	66,	64,	62,	41,	40,	49,	60,	72,	68,	64,	79,	152,	182,	183,	182,	183,	183,
151,	152,	155,	132,	75,	60,	92,	134,	134,	143,	93,	65,	67,	74,	76,	83,	108,	138,	149,	146,	132,	115,	97,	88,	90,	70,	41,	32,	37,	30,	27,	31,	52,	78,	84,	77,	78,	81,	81,	80,	89,	84,	88,	118,	147,	164,	162,	133,	95,	53,	42,	47,	37,	34,	25,	21,	22,	24,	42,	66,	55,	34,	37,	50,	65,	65,	66,	43,	38,	49,	55,	68,	63,	55,	76,	154,	185,	182,	182,	182,	182,
150,	151,	147,	99,	65,	70,	102,	140,	146,	137,	87,	71,	75,	80,	84,	91,	114,	143,	149,	144,	129,	110,	94,	87,	76,	54,	47,	51,	71,	65,	58,	72,	85,	90,	96,	94,	95,	96,	97,	100,	96,	96,	111,	129,	144,	155,	160,	134,	97,	66,	49,	52,	47,	52,	44,	36,	33,	32,	52,	65,	57,	41,	30,	40,	58,	69,	67,	52,	35,	44,	53,	66,	62,	48,	71,	149,	184,	180,	182,	181,	181,
151,	150,	124,	75,	71,	75,	102,	140,	148,	128,	89,	81,	78,	73,	83,	91,	116,	145,	149,	142,	128,	110,	96,	85,	69,	69,	78,	92,	105,	103,	99,	101,	101,	102,	106,	110,	107,	101,	96,	94,	101,	117,	130,	133,	142,	161,	164,	145,	107,	77,	62,	69,	78,	81,	82,	77,	68,	65,	65,	67,	70,	64,	50,	41,	48,	63,	73,	61,	34,	43,	48,	59,	62,	51,	72,	151,	183,	181,	180,	180,	181,
151,	149,	109,	68,	78,	81,	101,	134,	136,	115,	82,	78,	82,	73,	79,	88,	115,	143,	148,	141,	128,	114,	104,	95,	91,	108,	124,	125,	119,	117,	114,	116,	123,	128,	127,	120,	113,	101,	93,	99,	122,	135,	136,	133,	145,	167,	168,	149,	120,	84,	75,	71,	80,	90,	88,	88,	87,	82,	80,	81,	83,	82,	75,	57,	48,	58,	75,	72,	39,	40,	47,	53,	57,	55,	78,	157,	183,	181,	180,	181,	181,
150,	150,	102,	72,	86,	83,	103,	128,	131,	111,	84,	73,	81,	82,	81,	91,	113,	139,	143,	140,	128,	115,	114,	112,	119,	135,	146,	144,	141,	142,	145,	146,	145,	139,	127,	110,	100,	96,	105,	125,	140,	141,	135,	135,	148,	168,	168,	147,	121,	98,	81,	75,	79,	91,	97,	99,	99,	95,	91,	89,	86,	84,	85,	78,	59,	58,	74,	82,	49,	38,	45,	50,	52,	55,	83,	158,	183,	180,	181,	181,	179,
150,	145,	100,	74,	87,	86,	102,	116,	127,	116,	106,	81,	72,	80,	78,	90,	112,	135,	141,	137,	130,	128,	127,	129,	134,	136,	132,	131,	132,	129,	130,	130,	118,	109,	101,	91,	86,	101,	128,	139,	141,	141,	135,	134,	145,	165,	165,	147,	121,	101,	87,	78,	79,	87,	94,	97,	99,	101,	98,	97,	95,	91,	88,	86,	79,	68,	76,	86,	57,	44,	44,	46,	50,	55,	86,	158,	182,	181,	179,	180,	179,
150,	134,	92,	66,	81,	88,	96,	110,	120,	112,	113,	99,	68,	73,	73,	81,	109,	132,	139,	139,	140,	141,	146,	142,	142,	135,	131,	123,	114,	104,	100,	97,	94,	88,	85,	82,	96,	129,	142,	134,	138,	137,	130,	130,	145,	165,	160,	148,	129,	102,	90,	80,	79,	86,	88,	87,	89,	91,	92,	94,	94,	90,	88,	86,	85,	84,	85,	94,	67,	45,	49,	43,	50,	57,	88,	156,	179,	179,	179,	179,	178,
147,	132,	88,	61,	79,	83,	87,	106,	106,	112,	96,	97,	76,	68,	70,	78,	108,	131,	138,	139,	144,	145,	150,	155,	155,	150,	145,	139,	130,	121,	112,	101,	93,	85,	85,	99,	130,	151,	141,	131,	134,	128,	131,	134,	151,	160,	150,	141,	130,	110,	93,	81,	80,	90,	95,	87,	82,	82,	84,	84,	84,	82,	84,	85,	87,	93,	96,	98,	80,	49,	54,	49,	48,	57,	87,	156,	177,	179,	179,	177,	177,
148,	136,	82,	63,	78,	73,	82,	96,	95,	110,	97,	85,	75,	63,	68,	81,	109,	127,	135,	136,	138,	143,	153,	158,	162,	161,	153,	143,	143,	140,	130,	117,	103,	104,	118,	141,	154,	152,	146,	140,	131,	131,	140,	128,	127,	131,	125,	116,	111,	101,	93,	84,	81,	93,	101,	94,	85,	83,	83,	82,	81,	83,	86,	89,	96,	103,	103,	100,	92,	55,	54,	54,	52,	60,	90,	160,	178,	176,	177,	177,	178,
150,	133,	78,	75,	82,	68,	69,	75,	86,	103,	99,	85,	69,	63,	66,	87,	111,	127,	130,	129,	131,	136,	143,	149,	156,	155,	154,	151,	148,	142,	134,	128,	126,	140,	154,	156,	153,	155,	155,	139,	129,	134,	125,	101,	96,	99,	96,	90,	86,	78,	78,	82,	84,	92,	100,	101,	97,	91,	88,	88,	89,	92,	98,	102,	107,	105,	101,	100,	99,	69,	52,	52,	52,	62,	94,	158,	177,	177,	178,	177,	177,
149,	123,	86,	92,	85,	78,	66,	62,	80,	98,	92,	84,	67,	54,	69,	90,	109,	122,	121,	120,	122,	124,	130,	135,	136,	141,	149,	148,	146,	146,	142,	141,	148,	155,	157,	155,	157,	161,	155,	133,	128,	113,	83,	66,	67,	75,	71,	66,	68,	60,	58,	68,	82,	92,	102,	104,	105,	103,	99,	98,	100,	103,	107,	108,	104,	99,	96,	95,	96,	81,	54,	52,	53,	62,	94,	153,	175,	177,	177,	176,	177,
148,	123,	94,	100,	89,	82,	68,	59,	71,	99,	87,	78,	65,	56,	70,	85,	106,	115,	113,	111,	111,	114,	121,	122,	125,	128,	132,	131,	132,	134,	135,	141,	153,	157,	157,	161,	164,	160,	143,	120,	115,	83,	39,	18,	30,	54,	55,	53,	49,	30,	29,	48,	73,	90,	103,	109,	109,	110,	105,	104,	103,	102,	102,	98,	97,	92,	91,	88,	91,	86,	57,	47,	57,	66,	94,	152,	177,	176,	176,	176,	176,
147,	140,	109,	96,	88,	78,	68,	61,	65,	88,	86,	66,	63,	59,	66,	76,	102,	110,	106,	104,	103,	106,	110,	111,	113,	111,	113,	115,	117,	126,	136,	146,	153,	156,	161,	163,	161,	150,	125,	111,	98,	60,	24,	14,	34,	50,	50,	50,	39,	17,	19,	38,	64,	81,	97,	109,	113,	111,	106,	104,	99,	92,	87,	84,	82,	82,	84,	83,	87,	83,	56,	43,	57,	71,	87,	145,	178,	177,	176,	177,	176,
148,	130,	107,	88,	83,	75,	69,	64,	66,	80,	87,	68,	56,	57,	62,	71,	96,	100,	98,	98,	98,	100,	101,	102,	102,	102,	102,	106,	115,	127,	138,	148,	154,	155,	157,	158,	143,	126,	112,	106,	87,	58,	32,	31,	62,	60,	49,	47,	45,	23,	20,	39,	63,	71,	88,	104,	107,	110,	110,	106,	98,	90,	82,	76,	74,	73,	75,	77,	82,	79,	54,	44,	56,	73,	75,	131,	175,	176,	176,	176,	175,
145,	124,	103,	84,	77,	72,	58,	58,	63,	75,	85,	71,	55,	59,	54,	66,	87,	97,	92,	90,	93,	95,	97,	97,	97,	99,	102,	108,	116,	125,	135,	146,	150,	152,	153,	147,	132,	116,	115,	110,	81,	63,	58,	71,	81,	61,	49,	47,	51,	41,	31,	44,	62,	67,	79,	100,	107,	108,	105,	103,	98,	90,	84,	78,	73,	70,	71,	71,	77,	75,	50,	45,	57,	66,	62,	118,	170,	173,	175,	177,	177,
144,	131,	104,	84,	69,	67,	56,	52,	58,	68,	73,	67,	54,	61,	47,	55,	80,	91,	86,	84,	87,	92,	94,	94,	94,	98,	101,	108,	113,	120,	132,	141,	147,	146,	145,	139,	124,	114,	129,	126,	90,	67,	77,	91,	84,	72,	57,	55,	58,	56,	48,	47,	59,	68,	79,	98,	105,	105,	104,	103,	98,	91,	85,	80,	73,	69,	66,	69,	75,	67,	45,	45,	58,	52,	53,	107,	165,	171,	172,	177,	176,
143,	132,	110,	83,	62,	60,	53,	50,	52,	61,	64,	63,	52,	50,	45,	52,	74,	86,	87,	82,	82,	89,	93,	94,	95,	98,	100,	106,	112,	119,	130,	139,	140,	138,	135,	127,	115,	126,	149,	145,	120,	97,	93,	89,	78,	71,	60,	63,	59,	58,	58,	55,	62,	79,	90,	94,	102,	103,	101,	97,	94,	89,	80,	74,	70,	66,	65,	68,	74,	56,	39,	47,	51,	40,	49,	97,	157,	168,	171,	172,	174,
142,	137,	114,	71,	56,	54,	54,	47,	44,	47,	57,	61,	55,	49,	45,	51,	70,	83,	90,	85,	79,	84,	89,	93,	94,	94,	97,	103,	112,	123,	129,	135,	136,	137,	131,	117,	118,	145,	157,	149,	133,	116,	106,	97,	87,	68,	61,	66,	67,	68,	69,	69,	75,	89,	97,	94,	95,	98,	100,	96,	91,	84,	74,	70,	68,	65,	65,	68,	69,	45,	39,	45,	40,	40,	50,	103,	160,	165,	167,	170,	173,
145,	145,	122,	68,	48,	45,	48,	43,	37,	36,	46,	55,	50,	46,	40,	48,	68,	80,	91,	91,	83,	84,	90,	95,	98,	97,	101,	105,	113,	125,	128,	131,	138,	137,	121,	109,	133,	154,	153,	143,	126,	115,	107,	95,	84,	66,	63,	67,	71,	77,	77,	77,	81,	90,	98,	98,	93,	94,	97,	95,	90,	82,	74,	69,	67,	65,	64,	70,	62,	44,	48,	41,	35,	44,	56,	112,	157,	163,	165,	166,	171,
147,	148,	133,	84,	41,	38,	41,	35,	31,	30,	34,	45,	47,	45,	41,	46,	67,	79,	88,	95,	91,	87,	94,	102,	107,	108,	108,	107,	116,	127,	132,	137,	140,	134,	114,	121,	146,	149,	142,	133,	118,	106,	91,	83,	79,	67,	65,	68,	67,	72,	76,	77,	79,	88,	97,	99,	96,	94,	95,	94,	87,	80,	74,	69,	65,	64,	65,	69,	58,	47,	43,	33,	40,	42,	59,	114,	157,	164,	166,	165,	169,
146,	145,	139,	113,	53,	27,	30,	25,	25,	28,	32,	34,	36,	40,	47,	53,	68,	79,	87,	95,	97,	93,	98,	107,	117,	121,	118,	116,	124,	133,	138,	141,	138,	124,	114,	135,	145,	137,	126,	114,	99,	86,	81,	89,	88,	74,	71,	73,	70,	70,	68,	67,	74,	82,	89,	94,	98,	93,	90,	92,	89,	80,	75,	70,	67,	67,	70,	71,	61,	45,	29,	27,	33,	45,	72,	117,	158,	165,	167,	168,	170,
147,	146,	145,	134,	79,	34,	26,	22,	24,	33,	34,	32,	28,	32,	53,	63,	71,	81,	86,	93,	101,	100,	100,	110,	119,	126,	131,	130,	134,	139,	139,	134,	124,	112,	122,	140,	133,	119,	107,	92,	85,	88,	101,	104,	99,	91,	90,	89,	89,	79,	66,	62,	67,	74,	81,	88,	93,	94,	88,	89,	89,	82,	77,	74,	70,	69,	69,	71,	63,	36,	19,	25,	32,	48,	83,	131,	160,	167,	168,	168,	171,
146,	146,	145,	144,	123,	66,	31,	25,	26,	49,	47,	39,	45,	43,	56,	69,	73,	82,	86,	92,	101,	103,	99,	107,	117,	126,	135,	137,	135,	137,	136,	129,	116,	113,	128,	127,	110,	96,	87,	83,	90,	98,	96,	85,	79,	84,	93,	94,	90,	76,	70,	69,	66,	66,	71,	80,	86,	89,	86,	84,	85,	84,	79,	77,	74,	70,	73,	68,	49,	30,	25,	28,	33,	47,	96,	151,	163,	166,	168,	169,	171,
146,	144,	145,	147,	147,	112,	53,	28,	26,	58,	72,	71,	87,	87,	74,	67,	73,	81,	86,	91,	99,	104,	102,	105,	117,	126,	136,	139,	139,	138,	132,	127,	118,	125,	122,	109,	98,	80,	81,	89,	87,	76,	63,	58,	60,	64,	68,	70,	65,	59,	57,	63,	65,	61,	62,	69,	78,	83,	84,	80,	83,	84,	79,	76,	74,	71,	75,	65,	46,	32,	23,	31,	30,	43,	106,	161,	167,	169,	168,	168,	168,
145,	146,	145,	148,	150,	136,	86,	30,	25,	61,	79,	83,	101,	104,	89,	77,	78,	77,	83,	91,	99,	105,	104,	104,	113,	127,	139,	141,	140,	137,	128,	125,	123,	126,	107,	89,	79,	70,	75,	71,	56,	50,	48,	47,	47,	49,	50,	48,	49,	50,	49,	50,	54,	60,	55,	57,	68,	75,	81,	79,	82,	84,	81,	77,	75,	75,	75,	62,	62,	41,	22,	26,	27,	49,	122,	166,	170,	167,	167,	169,	168,
146,	145,	145,	149,	149,	142,	115,	51,	24,	55,	88,	91,	96,	93,	98,	107,	92,	79,	81,	88,	98,	107,	105,	103,	111,	122,	137,	141,	137,	134,	129,	123,	119,	112,	90,	72,	58,	56,	56,	47,	48,	57,	63,	67,	71,	69,	63,	61,	56,	49,	44,	42,	40,	45,	49,	49,	56,	65,	77,	79,	80,	81,	81,	78,	76,	77,	70,	58,	67,	41,	28,	27,	36,	92,	146,	163,	167,	166,	166,	165,	166,
145,	146,	146,	147,	149,	149,	138,	85,	32,	36,	78,	105,	104,	105,	119,	125,	103,	81,	80,	87,	100,	107,	106,	107,	111,	121,	132,	137,	134,	129,	127,	127,	113,	97,	76,	55,	40,	43,	59,	80,	97,	109,	116,	120,	119,	109,	102,	103,	97,	90,	80,	64,	46,	33,	34,	40,	48,	59,	68,	75,	79,	82,	82,	78,	75,	77,	72,	62,	62,	37,	35,	34,	80,	150,	164,	164,	165,	164,	163,	165,	165,
145,	145,	144,	147,	147,	149,	149,	129,	62,	25,	41,	85,	114,	119,	118,	112,	89,	76,	82,	87,	99,	107,	109,	107,	111,	116,	125,	130,	126,	127,	130,	124,	106,	84,	64,	46,	53,	82,	106,	113,	118,	120,	115,	108,	100,	92,	87,	85,	85,	85,	86,	83,	77,	58,	38,	29,	40,	54,	62,	70,	77,	81,	82,	80,	75,	77,	75,	73,	70,	38,	38,	60,	136,	166,	164,	167,	163,	163,	165,	164,	163,
146,	146,	145,	146,	148,	150,	151,	160,	103,	32,	25,	39,	74,	90,	89,	80,	60,	60,	78,	87,	97,	103,	107,	107,	111,	114,	117,	120,	122,	124,	124,	114,	96,	75,	61,	71,	100,	114,	113,	111,	108,	103,	90,	77,	68,	62,	60,	61,	60,	64,	67,	72,	75,	73,	63,	44,	41,	50,	57,	66,	76,	81,	82,	80,	77,	79,	73,	76,	75,	36,	36,	88,	156,	164,	166,	164,	165,	164,	163,	164,	163,
145,	146,	147,	147,	148,	149,	152,	165,	136,	46,	25,	20,	21,	33,	41,	41,	34,	44,	74,	84,	94,	102,	107,	107,	109,	108,	110,	115,	117,	114,	110,	105,	91,	79,	82,	104,	118,	117,	113,	106,	96,	86,	76,	69,	64,	63,	62,	62,	62,	62,	60,	63,	64,	68,	70,	65,	59,	57,	58,	63,	73,	78,	81,	78,	75,	81,	65,	64,	54,	28,	36,	94,	159,	162,	165,	164,	164,	164,	164,	164,	163,
146,	145,	145,	148,	149,	149,	151,	165,	157,	81,	22,	16,	13,	11,	13,	12,	29,	43,	70,	80,	89,	98,	105,	105,	104,	104,	104,	109,	110,	107,	105,	100,	90,	91,	103,	118,	117,	115,	112,	105,	93,	85,	77,	74,	71,	70,	69,	65,	68,	64,	63,	63,	62,	69,	74,	74,	72,	65,	61,	63,	71,	72,	76,	76,	76,	79,	53,	35,	29,	29,	50,	100,	160,	164,	164,	164,	164,	164,	163,	164,	163,
144,	145,	145,	147,	148,	150,	152,	164,	169,	129,	49,	16,	13,	13,	13,	12,	31,	49,	66,	76,	85,	92,	98,	100,	102,	100,	101,	104,	101,	99,	101,	100,	95,	100,	112,	116,	113,	108,	108,	104,	100,	95,	90,	86,	83,	79,	74,	71,	75,	69,	69,	68,	69,	73,	75,	76,	72,	69,	63,	64,	67,	67,	73,	74,	76,	78,	45,	20,	24,	46,	84,	118,	158,	163,	163,	163,	163,	163,	163,	163,	163,
144,	145,	144,	146,	147,	150,	152,	162,	172,	165,	91,	16,	12,	12,	13,	11,	33,	60,	69,	73,	80,	87,	90,	94,	100,	97,	102,	99,	93,	94,	94,	98,	102,	108,	110,	111,	114,	106,	109,	108,	110,	108,	105,	98,	95,	92,	89,	86,	88,	82,	80,	78,	79,	76,	73,	72,	70,	68,	66,	65,	64,	65,	69,	74,	76,	74,	39,	26,	28,	81,	130,	145,	160,	163,	162,	163,	163,	162,	163,	163,	162,
143,	144,	143,	146,	147,	148,	150,	160,	177,	179,	114,	28,	11,	13,	10,	11,	35,	67,	75,	71,	74,	82,	84,	87,	93,	98,	101,	99,	92,	89,	93,	100,	102,	107,	110,	117,	122,	118,	115,	118,	120,	120,	120,	118,	115,	114,	115,	113,	110,	104,	96,	90,	87,	81,	77,	73,	72,	68,	68,	65,	63,	63,	66,	71,	73,	69,	36,	31,	42,	111,	160,	158,	162,	161,	161,	163,	162,	161,	162,	162,	161,
143,	144,	144,	146,	146,	148,	151,	161,	179,	174,	118,	28,	12,	10,	9,	10,	37,	73,	84,	74,	67,	71,	76,	81,	85,	92,	96,	99,	96,	90,	92,	100,	103,	111,	119,	124,	125,	127,	127,	128,	130,	133,	138,	139,	135,	132,	132,	128,	121,	119,	111,	105,	100,	92,	86,	79,	75,	72,	70,	67,	65,	63,	66,	68,	70,	72,	52,	39,	90,	145,	159,	160,	161,	160,	161,	161,	160,	160,	160,	161,	161,
143,	144,	144,	144,	144,	147,	150,	159,	175,	170,	115,	26,	9,	11,	11,	12,	40,	80,	91,	78,	64,	63,	70,	75,	82,	86,	93,	96,	96,	96,	93,	96,	102,	114,	120,	116,	115,	124,	132,	133,	133,	138,	143,	139,	135,	131,	126,	120,	118,	118,	116,	111,	104,	97,	89,	83,	78,	76,	75,	71,	68,	64,	65,	66,	70,	55,	44,	78,	143,	156,	158,	159,	161,	160,	161,	159,	159,	160,	160,	160,	160,
143,	143,	143,	143,	144,	147,	149,	157,	174,	171,	122,	33,	8,	9,	14,	13,	38,	83,	95,	84,	67,	59,	62,	68,	73,	79,	84,	89,	90,	94,	96,	98,	105,	113,	120,	111,	112,	121,	125,	128,	131,	130,	132,	129,	127,	122,	117,	112,	105,	103,	103,	101,	98,	93,	88,	84,	79,	77,	75,	70,	67,	65,	64,	65,	64,	53,	83,	132,	153,	157,	158,	157,	159,	159,	159,	159,	160,	161,	160,	159,	159,
143,	142,	143,	144,	144,	146,	148,	156,	177,	176,	143,	46,	7,	11,	14,	13,	39,	84,	96,	91,	76,	60,	54,	60,	65,	70,	76,	81,	83,	89,	92,	96,	101,	107,	110,	110,	111,	114,	116,	121,	123,	118,	116,	115,	114,	109,	106,	101,	96,	90,	87,	86,	89,	86,	85,	81,	80,	78,	72,	71,	68,	65,	63,	62,	65,	97,	135,	150,	153,	157,	158,	158,	159,	159,	158,	159,	160,	159,	159,	159,	159,
143,	142,	143,	142,	143,	144,	147,	155,	177,	176,	162,	99,	33,	15,	12,	14,	41,	83,	99,	97,	83,	70,	54,	50,	55,	61,	66,	71,	75,	81,	81,	83,	89,	97,	101,	101,	105,	114,	113,	111,	110,	106,	99,	96,	97,	94,	93,	87,	84,	80,	77,	75,	73,	76,	77,	76,	75,	71,	68,	66,	65,	63,	63,	69,	102,	136,	152,	153,	156,	157,	156,	157,	158,	158,	158,	159,	158,	158,	158,	159,	158,
144,	143,	142,	142,	143,	144,	146,	153,	175,	175,	167,	148,	110,	35,	10,	15,	43,	80,	99,	97,	88,	77,	66,	49,	48,	52,	55,	61,	67,	70,	69,	68,	74,	85,	90,	88,	95,	105,	102,	97,	93,	90,	88,	81,	79,	79,	76,	75,	73,	70,	68,	66,	63,	67,	70,	71,	69,	69,	66,	61,	58,	60,	63,	108,	149,	154,	154,	154,	155,	155,	155,	156,	157,	157,	158,	158,	157,	157,	158,	158,	156,
143,	143,	141,	142,	143,	143,	145,	152,	174,	174,	168,	164,	151,	95,	30,	15,	45,	83,	96,	99,	92,	82,	76,	61,	49,	45,	48,	51,	56,	59,	57,	58,	61,	68,	74,	77,	84,	89,	88,	84,	80,	78,	74,	69,	68,	67,	66,	63,	64,	63,	62,	62,	59,	61,	63,	65,	64,	61,	58,	55,	52,	54,	87,	144,	157,	156,	155,	155,	155,	155,	155,	156,	157,	157,	158,	157,	156,	156,	156,	156,	155,
142,	142,	141,	142,	144,	143,	144,	152,	174,	172,	169,	168,	159,	132,	54,	19,	46,	82,	95,	96,	93,	91,	83,	74,	62,	51,	47,	46,	50,	51,	50,	51,	53,	57,	65,	68,	72,	75,	77,	72,	67,	65,	64,	59,	57,	57,	54,	55,	57,	56,	56,	56,	54,	54,	56,	57,	58,	57,	54,	50,	50,	60,	119,	153,	154,	155,	155,	155,	155,	155,	154,	155,	156,	157,	157,	156,	155,	154,	153,	151,	150,
141,	142,	142,	142,	143,	143,	142,	150,	172,	171,	166,	166,	158,	104,	45,	23,	40,	83,	99,	97,	96,	91,	88,	84,	75,	64,	53,	46,	45,	44,	47,	45,	47,	50,	56,	57,	60,	62,	62,	58,	55,	53,	52,	50,	49,	49,	48,	47,	47,	49,	49,	50,	50,	49,	50,	50,	50,	50,	50,	50,	56,	70,	128,	157,	155,	154,	155,	155,	154,	154,	154,	156,	155,	155,	155,	154,	153,	151,	148,	144,	140,
142,	143,	142,	140,	141,	143,	142,	147,	169,	172,	167,	161,	154,	112,	79,	52,	41,	80,	101,	102,	95,	94,	95,	89,	80,	72,	63,	54,	48,	42,	42,	40,	42,	44,	47,	48,	51,	50,	50,	49,	46,	46,	44,	44,	42,	41,	44,	41,	41,	42,	41,	41,	42,	43,	44,	43,	45,	48,	49,	54,	61,	75,	133,	157,	154,	154,	155,	155,	154,	154,	153,	152,	154,	153,	153,	151,	148,	143,	138,	135,	131,
141,	141,	141,	140,	141,	143,	144,	147,	167,	173,	167,	165,	158,	136,	118,	103,	96,	81,	96,	107,	95,	96,	95,	94,	89,	80,	72,	62,	55,	50,	45,	43,	42,	42,	43,	43,	45,	45,	45,	45,	44,	42,	42,	39,	37,	38,	38,	38,	36,	37,	36,	37,	39,	40,	41,	41,	45,	47,	51,	60,	64,	78,	141,	157,	155,	154,	153,	154,	153,	153,	153,	153,	153,	150,	148,	145,	140,	133,	129,	127,	125,
139,	139,	139,	140,	140,	142,	143,	145,	165,	167,	166,	165,	159,	144,	136,	148,	137,	91,	92,	109,	104,	95,	94,	94,	92,	86,	78,	69,	61,	56,	51,	47,	45,	43,	42,	42,	41,	41,	40,	40,	39,	38,	37,	36,	35,	35,	36,	37,	36,	36,	35,	36,	37,	37,	40,	44,	45,	50,	57,	60,	62,	88,	146,	155,	153,	153,	152,	153,	152,	153,	153,	151,	150,	146,	143,	138,	133,	127,	124,	123,	122,
140,	140,	139,	140,	141,	141,	141,	144,	164,	169,	165,	163,	159,	157,	158,	160,	141,	111,	96,	103,	113,	100,	94,	95,	92,	87,	82,	75,	68,	62,	55,	50,	49,	44,	42,	42,	42,	41,	39,	37,	36,	35,	34,	35,	35,	35,	35,	35,	36,	36,	35,	34,	36,	38,	40,	44,	47,	53,	56,	58,	62,	100,	151,	153,	151,	150,	150,	151,	152,	152,	151,	148,	144,	140,	134,	130,	127,	124,	122,	121,	121,
140,	139,	139,	140,	141,	140,	141,	143,	164,	172,	166,	165,	164,	164,	162,	160,	147,	127,	116,	96,	111,	110,	97,	95,	93,	89,	86,	80,	72,	65,	60,	53,	50,	50,	44,	44,	44,	42,	41,	39,	38,	38,	36,	36,	37,	37,	36,	36,	36,	36,	35,	37,	38,	39,	42,	44,	48,	51,	56,	57,	65,	118,	152,	150,	149,	149,	150,	150,	150,	150,	147,	142,	137,	133,	128,	126,	122,	121,	121,	120,	120,
138,	139,	140,	141,	140,	140,	141,	143,	161,	170,	167,	166,	165,	164,	162,	164,	143,	130,	137,	107,	99,	108,	101,	93,	91,	86,	81,	80,	75,	67,	64,	60,	53,	52,	50,	48,	45,	45,	42,	41,	41,	39,	37,	38,	38,	37,	37,	37,	38,	37,	36,	38,	39,	41,	44,	46,	48,	52,	56,	60,	68,	127,	151,	148,	149,	149,	149,	149,	150,	147,	142,	135,	130,	127,	124,	123,	121,	120,	120,	121,	121,
138,	138,	138,	139,	140,	141,	142,	142,	160,	169,	166,	167,	165,	166,	165,	154,	115,	127,	142,	147,	107,	93,	103,	95,	90,	87,	81,	80,	79,	71,	66,	62,	57,	52,	51,	50,	48,	46,	43,	42,	41,	38,	36,	37,	37,	37,	37,	37,	37,	35,	37,	39,	41,	45,	46,	48,	51,	51,	56,	61,	69,	113,	149,	150,	150,	149,	148,	147,	146,	141,	134,	128,	125,	123,	120,	120,	122,	121,	120,	120,	120,
137,	138,	138,	138,	138,	140,	141,	142,	159,	170,	165,	166,	165,	164,	162,	100,	76,	130,	139,	149,	151,	107,	93,	96,	91,	88,	85,	84,	84,	78,	72,	65,	63,	58,	54,	53,	53,	48,	44,	43,	42,	41,	37,	37,	37,	36,	36,	37,	37,	36,	40,	42,	43,	46,	48,	49,	51,	51,	58,	60,	66,	98,	144,	150,	148,	146,	144,	142,	138,	131,	126,	123,	120,	119,	119,	118,	118,	119,	120,	120,	120,
138,	138,	137,	138,	139,	140,	140,	141,	158,	170,	165,	165,	166,	167,	126,	47,	75,	132,	140,	139,	153,	154,	113,	92,	90,	87,	85,	84,	83,	80,	75,	71,	68,	63,	61,	56,	54,	50,	47,	45,	44,	43,	40,	38,	37,	38,	37,	37,	38,	40,	43,	47,	48,	49,	51,	51,	52,	55,	55,	53,	66,	94,	138,	148,	146,	142,	137,	134,	129,	124,	120,	118,	117,	116,	116,	116,	118,	119,	119,	118,	119,
138,	138,	138,	139,	139,	140,	141,	141,	157,	171,	167,	166,	167,	150,	71,	36,	84,	128,	140,	138,	139,	153,	159,	121,	93,	86,	84,	83,	83,	82,	77,	75,	69,	63,	63,	56,	52,	52,	50,	49,	45,	43,	43,	42,	40,	40,	39,	38,	40,	41,	44,	49,	51,	50,	51,	51,	54,	56,	52,	52,	73,	88,	119,	145,	143,	137,	129,	126,	122,	119,	117,	115,	115,	116,	116,	115,	117,	117,	117,	118,	118,
137,	137,	137,	138,	138,	140,	142,	141,	155,	170,	166,	165,	163,	103,	45,	46,	98,	127,	134,	142,	138,	137,	148,	158,	131,	102,	87,	83,	82,	82,	78,	75,	70,	67,	64,	59,	56,	54,	52,	50,	50,	47,	45,	45,	45,	44,	40,	41,	42,	42,	45,	49,	51,	51,	51,	53,	53,	50,	42,	59,	80,	86,	86,	130,	138,	131,	124,	121,	117,	115,	115,	116,	116,	115,	116,	116,	116,	116,	118,	119,	118,
135,	136,	137,	137,	136,	137,	139,	139,	152,	169,	164,	165,	136,	60,	45,	58,	111,	134,	129,	136,	142,	136,	135,	143,	155,	142,	110,	88,	80,	78,	78,	77,	72,	68,	63,	60,	57,	55,	52,	52,	52,	51,	50,	50,	50,	47,	45,	46,	46,	46,	46,	48,	51,	52,	52,	52,	51,	41,	46,	68,	83,	89,	63,	90,	133,	127,	121,	117,	116,	116,	116,	116,	115,	115,	116,	116,	115,	117,	117,	118,	119,
135,	136,	135,	135,	137,	138,	138,	139,	151,	168,	167,	158,	86,	41,	40,	69,	118,	132,	134,	128,	137,	144,	135,	133,	137,	148,	145,	120,	97,	79,	73,	76,	73,	70,	65,	61,	59,	57,	54,	54,	51,	50,	51,	51,	51,	49,	48,	47,	46,	46,	47,	49,	51,	52,	52,	50,	40,	38,	55,	71,	83,	89,	60,	57,	120,	125,	121,	117,	115,	115,	116,	115,	114,	114,	115,	116,	116,	117,	116,	117,	117,
135,	135,	136,	136,	136,	138,	139,	137,	149,	171,	163,	106,	50,	44,	41,	85,	125,	128,	137,	133,	129,	137,	141,	132,	131,	132,	144,	151,	133,	109,	84,	70,	69,	65,	65,	62,	58,	57,	57,	55,	51,	51,	51,	51,	51,	50,	50,	48,	47,	48,	48,	52,	51,	51,	51,	42,	33,	46,	65,	74,	81,	91,	61,	39,	79,	98,	107,	112,	114,	115,	115,	115,	114,	115,	116,	116,	115,	116,	115,	116,	116,
134,	136,	135,	135,	136,	137,	139,	139,	149,	161,	110,	55,	44,	45,	47,	100,	131,	127,	130,	137,	128,	122,	130,	139,	132,	129,	128,	139,	152,	144,	119,	96,	73,	63,	63,	63,	61,	60,	58,	53,	53,	53,	52,	52,	51,	50,	50,	48,	49,	48,	51,	51,	51,	50,	42,	35,	44,	65,	75,	84,	84,	91,	57,	35,	46,	48,	54,	70,	85,	99,	109,	116,	117,	116,	114,	115,	116,	116,	115,	116,	116,
134,	136,	135,	135,	135,	137,	138,	138,	137,	102,	55,	47,	51,	45,	50,	109,	130,	135,	127,	129,	135,	127,	119,	125,	134,	132,	129,	126,	132,	146,	146,	128,	108,	81,	66,	62,	63,	62,	60,	56,	56,	55,	53,	52,	51,	50,	52,	50,	49,	51,	51,	49,	49,	43,	39,	46,	65,	79,	87,	91,	89,	93,	52,	29,	43,	45,	36,	36,	41,	49,	59,	76,	94,	105,	113,	115,	115,	116,	116,	115,	116,
