233,	233,	233,	233,	234,	234,	234,	234,	234,	234,	234,	233,	235,	234,	233,	234,	235,	233,	207,	157,	116,	95,	79,	77,	74,	65,	63,	66,	67,	61,	71,	80,	70,	75,	71,	71,	77,	77,	75,	80,	77,	72,	72,	74,	72,	75,	79,	81,	83,	91,	99,	115,	144,	176,	199,	223,	233,	233,	234,	234,	234,	233,	233,	233,	233,	234,	233,	233,	233,	233,	233,	234,	233,	233,	233,	233,	233,	233,	233,	233,	233,
233,	233,	233,	233,	234,	234,	234,	234,	234,	234,	235,	233,	233,	234,	234,	234,	229,	204,	139,	90,	76,	71,	66,	67,	71,	64,	63,	65,	63,	55,	68,	80,	69,	73,	71,	68,	70,	77,	75,	73,	76,	69,	59,	62,	67,	68,	71,	69,	69,	76,	86,	86,	93,	103,	125,	166,	202,	215,	227,	234,	233,	233,	234,	233,	233,	234,	233,	233,	233,	234,	233,	232,	233,	233,	233,	233,	233,	233,	233,	233,	233,
233,	233,	233,	233,	233,	233,	233,	233,	234,	233,	232,	234,	233,	235,	231,	220,	196,	136,	85,	69,	66,	63,	60,	62,	66,	60,	62,	66,	64,	50,	55,	73,	73,	66,	72,	69,	68,	72,	71,	67,	69,	72,	64,	53,	50,	56,	65,	66,	58,	63,	77,	79,	78,	83,	93,	126,	150,	153,	175,	203,	226,	233,	231,	233,	233,	233,	233,	233,	233,	233,	232,	233,	233,	233,	233,	233,	233,	233,	233,	233,	233,
233,	233,	233,	233,	233,	233,	233,	233,	234,	232,	234,	232,	233,	230,	205,	190,	142,	82,	67,	67,	57,	53,	52,	56,	56,	53,	54,	65,	62,	41,	42,	61,	74,	70,	60,	62,	62,	68,	63,	59,	58,	64,	69,	55,	42,	41,	47,	59,	59,	58,	59,	69,	77,	81,	90,	101,	106,	110,	131,	164,	195,	211,	226,	234,	233,	233,	233,	233,	233,	233,	233,	233,	233,	233,	233,	233,	233,	233,	233,	233,	233,
233,	233,	233,	233,	233,	233,	233,	233,	232,	234,	233,	234,	232,	202,	173,	155,	97,	62,	57,	59,	51,	44,	41,	42,	44,	40,	47,	60,	56,	45,	36,	44,	59,	68,	63,	50,	54,	60,	63,	55,	49,	53,	57,	53,	49,	39,	36,	44,	55,	60,	55,	55,	64,	70,	79,	80,	79,	88,	100,	118,	133,	159,	200,	229,	233,	233,	233,	233,	232,	233,	234,	233,	233,	233,	233,	233,	233,	233,	233,	233,	233,
233,	233,	233,	233,	233,	233,	233,	233,	233,	233,	233,	235,	226,	175,	146,	114,	69,	54,	50,	50,	45,	34,	31,	30,	31,	29,	34,	44,	43,	48,	47,	41,	46,	48,	56,	54,	51,	51,	50,	55,	48,	42,	49,	51,	48,	45,	38,	35,	42,	50,	52,	49,	45,	53,	57,	70,	74,	68,	67,	78,	91,	123,	177,	222,	233,	233,	232,	234,	233,	233,	233,	233,	233,	233,	233,	233,	233,	233,	233,	233,	233,
233,	233,	233,	233,	233,	233,	233,	233,	233,	232,	229,	226,	210,	142,	101,	72,	52,	53,	49,	36,	34,	30,	26,	25,	25,	24,	30,	32,	32,	48,	56,	55,	47,	42,	41,	48,	50,	48,	39,	41,	53,	48,	39,	45,	51,	48,	45,	44,	41,	47,	46,	47,	42,	49,	51,	55,	67,	61,	51,	56,	70,	99,	159,	215,	234,	235,	232,	233,	234,	233,	233,	233,	233,	233,	233,	233,	233,	233,	233,	233,	233,
233,	233,	233,	233,	233,	233,	233,	233,	233,	234,	230,	206,	193,	134,	64,	50,	45,	51,	49,	33,	31,	27,	23,	24,	24,	25,	27,	27,	31,	44,	55,	60,	52,	45,	42,	38,	44,	46,	40,	36,	43,	50,	47,	40,	43,	48,	44,	45,	46,	48,	52,	52,	52,	52,	56,	56,	59,	58,	45,	46,	51,	68,	112,	173,	216,	228,	233,	233,	233,	233,	233,	233,	233,	233,	233,	233,	233,	233,	233,	233,	233,
233,	233,	233,	233,	233,	233,	233,	233,	233,	233,	233,	225,	201,	135,	59,	43,	48,	48,	39,	31,	28,	24,	21,	22,	23,	27,	31,	27,	32,	37,	32,	41,	49,	48,	43,	36,	35,	41,	43,	39,	40,	43,	48,	48,	44,	43,	41,	39,	38,	45,	49,	52,	49,	50,	51,	55,	57,	54,	46,	40,	40,	51,	64,	100,	152,	203,	229,	233,	233,	233,	233,	233,	233,	233,	233,	233,	233,	233,	233,	233,	233,
233,	233,	233,	233,	233,	233,	233,	233,	234,	233,	232,	237,	210,	140,	62,	40,	49,	40,	32,	28,	27,	22,	23,	27,	31,	35,	35,	29,	31,	35,	33,	35,	44,	51,	52,	43,	40,	40,	40,	44,	45,	44,	46,	50,	51,	50,	45,	43,	42,	49,	55,	43,	35,	39,	41,	44,	43,	45,	45,	36,	35,	37,	42,	52,	90,	159,	212,	231,	232,	232,	234,	233,	233,	233,	233,	233,	233,	233,	233,	233,	233,
233,	233,	233,	233,	233,	233,	233,	233,	233,	234,	230,	223,	195,	125,	57,	41,	45,	37,	32,	28,	31,	28,	30,	35,	36,	35,	34,	30,	32,	34,	39,	43,	46,	53,	60,	58,	53,	49,	48,	50,	57,	64,	68,	68,	68,	69,	65,	60,	55,	52,	57,	62,	37,	34,	39,	46,	41,	38,	36,	32,	31,	32,	38,	54,	75,	122,	192,	231,	233,	234,	232,	233,	233,	233,	233,	233,	233,	233,	233,	233,	233,
233,	233,	233,	233,	233,	233,	233,	233,	233,	233,	223,	170,	138,	102,	57,	41,	38,	36,	36,	39,	40,	38,	35,	34,	33,	32,	37,	39,	41,	42,	48,	59,	71,	79,	77,	70,	68,	69,	73,	79,	87,	99,	109,	111,	108,	106,	104,	99,	91,	78,	66,	74,	54,	33,	34,	42,	44,	40,	35,	25,	31,	34,	41,	61,	102,	151,	198,	232,	234,	232,	233,	233,	233,	233,	233,	233,	233,	233,	233,	233,	233,
233,	233,	233,	233,	233,	233,	233,	233,	232,	233,	210,	122,	73,	71,	53,	40,	37,	40,	45,	54,	51,	45,	44,	42,	47,	53,	62,	66,	66,	71,	81,	96,	111,	117,	111,	100,	96,	99,	108,	116,	126,	133,	141,	147,	147,	144,	142,	139,	134,	124,	106,	92,	79,	48,	34,	31,	39,	40,	36,	26,	36,	39,	41,	54,	100,	166,	216,	232,	232,	234,	233,	233,	233,	233,	233,	233,	233,	233,	233,	233,	233,
233,	233,	233,	233,	233,	233,	233,	233,	234,	231,	168,	74,	51,	55,	52,	43,	49,	48,	55,	56,	57,	59,	59,	64,	73,	86,	99,	102,	100,	107,	118,	129,	136,	141,	138,	133,	130,	129,	134,	146,	155,	162,	166,	170,	173,	174,	172,	168,	163,	155,	141,	122,	107,	84,	60,	37,	37,	34,	31,	25,	31,	32,	33,	37,	63,	129,	194,	223,	230,	231,	234,	233,	233,	233,	233,	233,	233,	233,	233,	233,	233,
233,	233,	233,	233,	233,	233,	233,	233,	232,	193,	113,	64,	53,	56,	52,	49,	51,	59,	61,	65,	71,	79,	88,	97,	110,	124,	136,	141,	140,	140,	146,	152,	156,	156,	159,	161,	156,	157,	162,	169,	176,	182,	185,	187,	191,	194,	194,	192,	185,	174,	161,	143,	132,	116,	98,	70,	51,	43,	38,	23,	23,	25,	29,	28,	44,	91,	150,	189,	212,	229,	233,	232,	233,	233,	233,	233,	233,	233,	233,	233,	233,
233,	233,	233,	233,	233,	233,	233,	233,	211,	144,	90,	68,	53,	46,	49,	52,	52,	62,	70,	86,	94,	107,	117,	131,	148,	159,	168,	174,	175,	171,	172,	176,	179,	178,	176,	177,	176,	177,	180,	182,	187,	191,	193,	197,	200,	203,	202,	199,	192,	181,	168,	155,	147,	136,	127,	108,	75,	53,	37,	30,	30,	35,	29,	27,	35,	58,	103,	137,	158,	205,	232,	233,	233,	233,	233,	233,	233,	233,	233,	233,	232,
232,	233,	233,	233,	233,	233,	233,	224,	178,	99,	64,	58,	43,	35,	41,	43,	58,	77,	97,	111,	118,	131,	147,	161,	176,	183,	187,	191,	193,	191,	191,	194,	193,	192,	190,	189,	189,	190,	190,	190,	191,	193,	196,	200,	202,	204,	200,	194,	186,	180,	170,	160,	153,	148,	144,	131,	101,	60,	32,	31,	39,	41,	43,	33,	34,	38,	73,	110,	125,	180,	231,	233,	233,	233,	233,	233,	233,	233,	233,	232,	232,
233,	233,	232,	234,	233,	234,	233,	226,	183,	87,	48,	54,	38,	31,	34,	43,	71,	100,	125,	141,	147,	155,	174,	184,	192,	198,	202,	204,	202,	200,	201,	203,	203,	200,	197,	197,	195,	193,	194,	193,	194,	195,	198,	203,	201,	198,	195,	188,	181,	174,	165,	160,	156,	154,	154,	146,	121,	83,	44,	36,	43,	38,	51,	42,	37,	35,	56,	93,	110,	158,	229,	235,	233,	233,	232,	233,	233,	233,	233,	233,	233,
233,	233,	233,	233,	233,	233,	233,	236,	198,	94,	56,	56,	35,	27,	33,	55,	100,	126,	149,	169,	175,	176,	188,	200,	205,	210,	213,	211,	207,	203,	204,	207,	207,	205,	202,	202,	201,	197,	195,	195,	198,	200,	200,	204,	201,	196,	191,	184,	178,	170,	163,	159,	158,	157,	157,	151,	133,	103,	69,	44,	30,	39,	47,	46,	36,	32,	52,	79,	109,	153,	208,	230,	232,	233,	232,	233,	233,	233,	233,	233,	233,
233,	233,	234,	233,	233,	235,	235,	226,	169,	83,	59,	55,	44,	34,	41,	88,	136,	157,	165,	184,	193,	195,	201,	208,	213,	216,	216,	214,	211,	207,	205,	207,	208,	207,	205,	201,	200,	199,	197,	201,	202,	205,	203,	203,	200,	194,	188,	181,	175,	169,	163,	158,	157,	158,	156,	150,	139,	119,	98,	61,	32,	44,	56,	54,	41,	36,	48,	74,	122,	152,	176,	199,	226,	233,	233,	233,	232,	233,	232,	232,	233,
233,	233,	233,	233,	233,	234,	234,	197,	123,	68,	59,	59,	51,	44,	67,	127,	164,	179,	181,	192,	200,	206,	209,	212,	215,	216,	215,	215,	216,	212,	207,	206,	206,	206,	205,	201,	200,	201,	201,	204,	206,	205,	204,	201,	197,	193,	189,	183,	177,	172,	166,	158,	155,	155,	154,	150,	143,	130,	114,	86,	52,	53,	67,	67,	52,	44,	46,	70,	112,	131,	134,	176,	225,	234,	233,	233,	232,	232,	232,	231,	231,
232,	234,	232,	233,	234,	235,	222,	153,	89,	62,	56,	60,	52,	48,	102,	157,	178,	185,	192,	195,	200,	205,	208,	212,	215,	215,	214,	214,	214,	213,	210,	206,	205,	205,	204,	203,	201,	201,	205,	206,	205,	202,	202,	201,	200,	196,	190,	185,	182,	175,	169,	163,	157,	154,	152,	150,	144,	132,	125,	102,	75,	64,	66,	71,	55,	51,	50,	62,	76,	84,	115,	188,	225,	232,	231,	231,	232,	231,	231,	229,	229,
233,	233,	233,	233,	233,	233,	188,	101,	74,	72,	61,	51,	49,	66,	137,	175,	184,	188,	193,	196,	198,	201,	208,	209,	210,	213,	215,	215,	215,	212,	208,	203,	202,	204,	202,	204,	204,	205,	209,	209,	209,	206,	204,	204,	205,	201,	195,	190,	182,	175,	170,	166,	161,	156,	153,	151,	145,	139,	129,	115,	89,	75,	64,	69,	60,	49,	54,	50,	50,	58,	125,	200,	218,	225,	229,	229,	229,	229,	229,	228,	228,
234,	233,	233,	233,	235,	218,	141,	77,	77,	65,	53,	45,	52,	98,	161,	184,	184,	184,	190,	194,	196,	202,	205,	208,	210,	213,	213,	213,	213,	211,	208,	205,	202,	205,	205,	205,	209,	211,	213,	213,	212,	211,	211,	211,	209,	206,	201,	193,	187,	179,	173,	168,	162,	156,	153,	150,	146,	142,	134,	119,	95,	76,	67,	74,	68,	52,	49,	40,	42,	57,	125,	179,	187,	204,	223,	228,	228,	228,	227,	227,	224,
233,	233,	234,	233,	235,	201,	121,	75,	68,	50,	51,	50,	72,	128,	173,	190,	185,	185,	188,	192,	198,	202,	206,	210,	215,	215,	216,	216,	216,	215,	213,	209,	205,	205,	207,	205,	209,	212,	215,	216,	216,	214,	217,	210,	200,	199,	197,	191,	186,	181,	177,	173,	165,	159,	153,	151,	145,	142,	137,	126,	106,	78,	63,	71,	70,	63,	52,	39,	42,	57,	104,	138,	162,	205,	226,	226,	226,	225,	225,	224,	222,
233,	232,	233,	233,	230,	197,	117,	69,	59,	55,	53,	62,	103,	151,	179,	185,	184,	186,	188,	191,	197,	206,	212,	218,	219,	221,	221,	221,	220,	217,	213,	208,	205,	206,	206,	208,	208,	212,	214,	215,	214,	211,	209,	203,	195,	193,	190,	187,	183,	180,	180,	177,	171,	164,	156,	153,	147,	142,	140,	131,	109,	82,	66,	61,	61,	66,	59,	37,	42,	53,	77,	126,	179,	212,	223,	223,	224,	222,	221,	220,	219,
233,	234,	233,	234,	233,	196,	105,	62,	55,	62,	58,	74,	124,	157,	172,	176,	181,	184,	187,	194,	201,	212,	218,	220,	222,	224,	221,	221,	222,	218,	214,	209,	206,	207,	208,	211,	213,	216,	214,	211,	206,	203,	199,	192,	191,	188,	187,	185,	181,	177,	177,	175,	170,	164,	160,	156,	151,	144,	138,	131,	114,	88,	70,	63,	54,	57,	58,	40,	44,	47,	60,	122,	191,	215,	224,	223,	221,	220,	219,	217,	216,
233,	233,	234,	232,	238,	188,	78,	55,	61,	62,	68,	90,	130,	148,	164,	171,	178,	186,	194,	200,	203,	211,	217,	219,	220,	220,	217,	216,	217,	215,	213,	210,	207,	208,	211,	212,	214,	212,	208,	201,	194,	191,	186,	182,	180,	178,	174,	170,	169,	166,	162,	160,	156,	153,	155,	156,	152,	143,	137,	133,	119,	94,	71,	64,	56,	45,	52,	48,	45,	42,	53,	103,	181,	211,	220,	220,	218,	218,	216,	215,	214,
233,	233,	232,	236,	227,	161,	60,	54,	65,	63,	77,	100,	130,	139,	155,	166,	178,	188,	195,	201,	205,	206,	208,	211,	213,	212,	212,	210,	207,	207,	207,	204,	203,	205,	205,	207,	206,	201,	193,	185,	177,	175,	169,	167,	163,	160,	149,	141,	136,	136,	130,	126,	125,	126,	129,	138,	150,	143,	135,	135,	126,	104,	76,	64,	59,	41,	46,	51,	44,	42,	48,	72,	142,	196,	211,	215,	214,	214,	214,	214,	212,
232,	234,	233,	231,	195,	131,	62,	53,	59,	67,	80,	102,	135,	144,	153,	166,	177,	185,	191,	195,	196,	196,	197,	200,	199,	200,	200,	197,	191,	190,	191,	191,	191,	191,	190,	188,	188,	181,	175,	169,	156,	146,	137,	129,	129,	120,	107,	97,	92,	92,	91,	89,	93,	102,	103,	113,	137,	144,	138,	136,	131,	113,	84,	64,	60,	50,	42,	53,	46,	45,	49,	56,	96,	153,	185,	203,	208,	212,	214,	211,	211,
233,	232,	234,	216,	172,	109,	58,	49,	55,	74,	83,	107,	136,	146,	154,	166,	172,	177,	183,	185,	182,	183,	182,	180,	174,	174,	170,	169,	165,	161,	165,	170,	172,	170,	168,	165,	167,	161,	156,	148,	131,	117,	110,	95,	93,	82,	75,	68,	63,	64,	68,	71,	79,	89,	90,	93,	105,	123,	134,	137,	133,	121,	97,	63,	55,	56,	39,	48,	50,	46,	53,	53,	70,	107,	156,	194,	209,	212,	212,	211,	210,
233,	233,	234,	224,	192,	99,	45,	46,	60,	82,	78,	104,	135,	146,	152,	161,	166,	165,	165,	163,	152,	143,	136,	136,	136,	135,	128,	131,	133,	129,	135,	146,	152,	152,	147,	144,	144,	145,	140,	133,	117,	104,	97,	85,	76,	69,	63,	57,	55,	59,	65,	70,	78,	85,	83,	81,	83,	94,	113,	129,	134,	127,	108,	73,	49,	57,	41,	38,	52,	51,	56,	56,	61,	83,	129,	177,	207,	211,	212,	212,	211,
234,	233,	234,	236,	196,	81,	40,	49,	71,	77,	69,	104,	133,	144,	149,	157,	159,	149,	136,	126,	115,	106,	95,	96,	101,	98,	95,	101,	107,	105,	111,	127,	138,	136,	128,	125,	132,	134,	128,	122,	109,	95,	88,	79,	70,	64,	59,	57,	64,	74,	85,	88,	91,	89,	88,	84,	81,	83,	95,	115,	126,	127,	113,	84,	50,	52,	46,	36,	48,	50,	58,	59,	59,	69,	107,	161,	199,	211,	211,	211,	211,
233,	233,	234,	233,	171,	63,	43,	53,	69,	63,	70,	105,	134,	143,	147,	151,	136,	123,	109,	96,	88,	82,	72,	70,	74,	77,	79,	84,	91,	94,	98,	113,	126,	133,	133,	130,	134,	137,	127,	111,	98,	88,	81,	72,	69,	67,	67,	78,	93,	108,	114,	116,	109,	106,	101,	94,	87,	84,	88,	104,	118,	122,	115,	93,	56,	51,	47,	35,	45,	49,	55,	58,	53,	60,	86,	139,	189,	208,	210,	210,	210,
233,	233,	235,	226,	141,	55,	51,	54,	59,	57,	73,	106,	131,	143,	150,	133,	110,	104,	93,	84,	74,	67,	64,	57,	62,	67,	70,	74,	82,	89,	91,	103,	116,	129,	140,	146,	148,	143,	129,	109,	96,	86,	78,	75,	73,	76,	86,	97,	109,	116,	117,	114,	114,	108,	101,	98,	95,	90,	89,	97,	111,	117,	115,	101,	67,	52,	48,	33,	41,	48,	51,	57,	53,	53,	72,	131,	184,	208,	211,	210,	210,
233,	233,	234,	213,	114,	54,	53,	49,	53,	55,	72,	103,	132,	144,	130,	107,	97,	91,	86,	83,	79,	75,	73,	70,	68,	69,	71,	73,	78,	83,	88,	95,	110,	134,	154,	166,	170,	159,	139,	114,	93,	82,	76,	76,	80,	87,	91,	91,	92,	91,	93,	92,	104,	101,	98,	90,	90,	92,	94,	96,	104,	112,	116,	109,	77,	52,	48,	36,	36,	42,	46,	54,	55,	49,	63,	121,	186,	207,	209,	208,	209,
233,	233,	235,	210,	102,	51,	48,	47,	52,	53,	66,	102,	134,	135,	107,	94,	96,	90,	88,	88,	88,	89,	88,	85,	78,	74,	74,	75,	77,	77,	83,	88,	105,	139,	170,	188,	196,	184,	155,	119,	93,	79,	74,	79,	86,	84,	78,	69,	54,	46,	42,	47,	65,	80,	91,	85,	79,	87,	96,	101,	104,	110,	116,	114,	86,	55,	49,	42,	41,	45,	42,	50,	53,	51,	69,	129,	189,	205,	208,	209,	209,
234,	234,	237,	215,	99,	47,	47,	46,	47,	49,	58,	98,	128,	119,	103,	100,	98,	97,	94,	92,	96,	107,	112,	107,	95,	85,	79,	76,	78,	79,	80,	84,	98,	133,	179,	206,	211,	198,	168,	124,	91,	78,	79,	83,	81,	76,	68,	40,	24,	36,	30,	28,	49,	56,	56,	69,	77,	85,	93,	101,	107,	112,	116,	117,	94,	59,	46,	44,	47,	52,	44,	49,	52,	54,	82,	157,	197,	207,	208,	207,	207,
233,	233,	236,	212,	92,	46,	53,	48,	43,	45,	55,	98,	126,	110,	98,	101,	99,	96,	92,	99,	116,	127,	118,	113,	110,	103,	93,	84,	82,	84,	84,	86,	96,	129,	181,	211,	211,	200,	177,	135,	93,	85,	90,	90,	86,	72,	61,	46,	30,	35,	33,	40,	66,	65,	51,	51,	67,	82,	94,	100,	106,	111,	117,	120,	106,	67,	47,	45,	43,	48,	47,	50,	50,	53,	97,	175,	205,	206,	207,	208,	208,
233,	233,	237,	213,	94,	49,	56,	52,	46,	41,	53,	101,	122,	104,	96,	98,	95,	88,	88,	102,	99,	80,	61,	59,	74,	88,	94,	97,	93,	95,	94,	94,	101,	132,	181,	208,	210,	202,	185,	150,	106,	94,	106,	108,	87,	67,	78,	80,	57,	50,	47,	67,	85,	80,	77,	72,	74,	84,	96,	103,	109,	113,	119,	120,	112,	76,	48,	41,	41,	43,	45,	50,	52,	57,	111,	186,	207,	206,	205,	207,	207,
233,	233,	237,	211,	85,	46,	54,	47,	43,	36,	53,	104,	119,	103,	94,	93,	90,	79,	78,	77,	48,	30,	44,	37,	51,	79,	76,	84,	96,	109,	118,	119,	116,	138,	181,	206,	206,	197,	187,	160,	122,	103,	117,	123,	114,	115,	116,	116,	110,	106,	101,	103,	104,	103,	101,	100,	99,	102,	105,	109,	113,	118,	123,	124,	116,	86,	52,	42,	39,	38,	47,	52,	55,	61,	121,	190,	207,	206,	205,	205,	206,
233,	233,	238,	203,	64,	39,	49,	39,	35,	36,	55,	103,	115,	103,	97,	93,	87,	72,	66,	55,	32,	28,	34,	35,	61,	96,	91,	87,	93,	114,	139,	146,	135,	145,	173,	194,	198,	193,	185,	166,	133,	109,	120,	133,	133,	134,	137,	136,	137,	134,	130,	124,	120,	119,	116,	114,	118,	123,	124,	124,	126,	131,	132,	127,	120,	97,	57,	44,	35,	38,	47,	50,	57,	69,	131,	192,	206,	205,	206,	205,	205,
232,	233,	239,	200,	67,	35,	41,	35,	33,	39,	60,	104,	114,	105,	103,	98,	83,	74,	61,	52,	47,	35,	35,	48,	87,	114,	123,	126,	136,	146,	151,	154,	149,	149,	165,	187,	199,	200,	190,	171,	142,	117,	118,	137,	144,	143,	141,	145,	147,	148,	148,	145,	140,	136,	131,	128,	134,	138,	140,	140,	141,	143,	141,	133,	124,	106,	68,	42,	35,	38,	41,	45,	56,	83,	147,	194,	204,	204,	205,	205,	205,
234,	233,	236,	220,	102,	32,	37,	32,	33,	42,	64,	103,	113,	109,	106,	101,	93,	82,	67,	67,	79,	70,	73,	99,	124,	137,	142,	145,	149,	152,	158,	164,	155,	150,	163,	185,	200,	202,	195,	180,	153,	127,	119,	132,	150,	157,	155,	154,	152,	150,	149,	149,	146,	141,	140,	139,	142,	147,	152,	154,	154,	155,	152,	142,	127,	114,	80,	50,	37,	33,	42,	44,	53,	102,	164,	194,	203,	204,	204,	204,	204,
233,	233,	234,	238,	139,	33,	35,	36,	37,	43,	67,	106,	115,	114,	110,	106,	106,	103,	94,	100,	108,	113,	119,	129,	140,	149,	152,	153,	154,	160,	173,	172,	156,	151,	166,	186,	199,	197,	192,	185,	167,	140,	122,	127,	145,	159,	166,	167,	167,	160,	156,	154,	150,	146,	148,	150,	153,	157,	163,	166,	164,	163,	158,	147,	130,	118,	87,	57,	45,	41,	48,	47,	62,	123,	181,	200,	204,	205,	205,	203,	203,
234,	232,	233,	237,	169,	41,	32,	42,	39,	38,	64,	106,	117,	118,	117,	115,	123,	129,	123,	118,	122,	128,	134,	147,	158,	161,	161,	163,	172,	183,	183,	168,	156,	155,	175,	191,	200,	197,	189,	181,	173,	154,	128,	125,	140,	155,	164,	173,	172,	169,	167,	163,	160,	159,	161,	163,	166,	169,	172,	174,	170,	164,	157,	147,	132,	117,	92,	60,	53,	46,	49,	51,	75,	145,	190,	200,	203,	204,	204,	202,	202,
233,	232,	234,	238,	193,	50,	31,	43,	38,	35,	61,	106,	118,	127,	133,	134,	147,	152,	147,	142,	144,	150,	160,	161,	164,	166,	170,	183,	192,	189,	180,	165,	154,	163,	188,	205,	208,	202,	191,	178,	170,	160,	140,	123,	134,	152,	164,	171,	172,	171,	172,	170,	169,	170,	171,	171,	171,	173,	172,	169,	166,	161,	154,	145,	133,	118,	98,	64,	56,	46,	52,	56,	82,	119,	154,	193,	204,	201,	203,	201,	201,
233,	233,	233,	237,	208,	66,	28,	39,	35,	32,	57,	105,	122,	136,	151,	160,	169,	166,	160,	159,	160,	165,	164,	168,	171,	178,	189,	198,	197,	189,	179,	162,	157,	172,	191,	206,	205,	193,	180,	166,	145,	140,	140,	129,	126,	146,	162,	172,	172,	171,	171,	172,	172,	169,	169,	166,	166,	165,	161,	158,	156,	151,	146,	140,	130,	121,	103,	65,	56,	51,	50,	62,	85,	82,	95,	164,	204,	204,	202,	201,	200,
232,	233,	233,	236,	228,	99,	26,	37,	35,	31,	55,	98,	124,	145,	168,	177,	180,	179,	176,	171,	170,	172,	177,	182,	184,	186,	196,	199,	197,	187,	176,	160,	159,	166,	174,	181,	181,	161,	148,	138,	123,	117,	129,	134,	124,	135,	159,	175,	176,	173,	172,	172,	171,	170,	167,	164,	159,	155,	153,	150,	145,	141,	137,	131,	127,	120,	108,	71,	54,	53,	56,	69,	78,	68,	77,	141,	199,	203,	200,	203,	200,
233,	233,	233,	233,	237,	136,	31,	36,	37,	36,	57,	96,	127,	155,	177,	188,	193,	193,	192,	190,	192,	194,	195,	196,	193,	191,	196,	198,	193,	187,	174,	156,	148,	135,	134,	140,	136,	122,	117,	114,	105,	103,	114,	124,	128,	130,	152,	174,	177,	172,	171,	171,	171,	171,	169,	164,	160,	154,	150,	142,	136,	133,	128,	124,	122,	118,	110,	84,	56,	58,	69,	77,	77,	67,	76,	132,	197,	201,	200,	201,	201,
232,	233,	234,	233,	238,	175,	51,	34,	34,	38,	55,	90,	128,	156,	178,	193,	204,	204,	203,	203,	203,	201,	201,	200,	197,	197,	198,	198,	192,	184,	168,	149,	133,	112,	102,	103,	100,	94,	91,	91,	90,	88,	93,	104,	118,	127,	140,	166,	165,	165,	168,	168,	170,	171,	171,	164,	160,	153,	149,	139,	130,	129,	125,	118,	116,	113,	109,	98,	69,	69,	76,	77,	80,	69,	77,	129,	196,	200,	199,	200,	200,
232,	234,	232,	233,	236,	200,	86,	36,	32,	35,	43,	77,	125,	154,	175,	191,	201,	203,	205,	204,	202,	198,	198,	199,	200,	192,	196,	198,	194,	182,	164,	135,	111,	94,	85,	82,	79,	75,	74,	73,	71,	61,	62,	78,	98,	113,	124,	149,	157,	162,	167,	169,	171,	168,	167,	161,	155,	149,	144,	138,	128,	123,	122,	117,	111,	108,	106,	102,	83,	77,	76,	78,	86,	73,	78,	125,	191,	201,	199,	200,	198,
231,	233,	233,	233,	234,	226,	132,	37,	32,	38,	43,	71,	117,	147,	169,	184,	193,	196,	197,	193,	191,	193,	197,	199,	197,	194,	196,	196,	192,	178,	152,	119,	94,	69,	61,	63,	65,	65,	67,	62,	38,	19,	19,	53,	86,	97,	106,	132,	156,	164,	168,	170,	171,	168,	165,	160,	154,	150,	141,	134,	126,	120,	119,	114,	109,	106,	107,	103,	94,	85,	80,	85,	96,	80,	81,	126,	189,	200,	198,	198,	198,
231,	234,	233,	232,	233,	234,	152,	40,	33,	39,	46,	70,	111,	139,	159,	172,	182,	184,	187,	187,	189,	193,	195,	195,	197,	195,	195,	193,	187,	175,	139,	101,	78,	43,	21,	25,	46,	59,	62,	55,	36,	21,	34,	66,	81,	88,	95,	118,	150,	162,	166,	169,	171,	169,	165,	160,	155,	147,	138,	132,	126,	118,	115,	114,	109,	105,	106,	103,	101,	93,	85,	94,	102,	86,	84,	131,	191,	199,	198,	197,	198,
230,	234,	233,	233,	232,	235,	172,	50,	38,	40,	43,	65,	107,	133,	153,	166,	171,	175,	180,	185,	191,	194,	196,	198,	199,	198,	192,	188,	184,	172,	134,	91,	74,	54,	38,	37,	57,	65,	64,	65,	70,	64,	68,	79,	79,	78,	88,	124,	149,	157,	161,	165,	167,	160,	156,	154,	149,	144,	140,	133,	125,	119,	116,	113,	109,	106,	105,	102,	101,	99,	82,	89,	100,	93,	88,	138,	194,	200,	199,	196,	197,
227,	234,	233,	233,	232,	233,	199,	81,	47,	46,	40,	59,	103,	127,	145,	156,	164,	170,	175,	182,	187,	189,	195,	197,	197,	195,	190,	184,	179,	174,	147,	93,	75,	74,	76,	81,	89,	85,	78,	87,	96,	95,	88,	80,	76,	83,	111,	137,	153,	157,	159,	162,	162,	151,	149,	148,	141,	138,	135,	131,	127,	121,	116,	113,	105,	102,	103,	101,	100,	106,	78,	75,	93,	99,	94,	149,	196,	197,	197,	198,	196,
223,	233,	233,	230,	229,	229,	188,	85,	50,	49,	40,	54,	98,	119,	136,	147,	159,	163,	169,	176,	182,	190,	192,	193,	193,	188,	183,	182,	180,	180,	163,	116,	79,	79,	96,	108,	112,	104,	92,	102,	113,	108,	102,	101,	104,	117,	133,	143,	150,	156,	159,	159,	158,	154,	149,	144,	138,	131,	131,	128,	126,	120,	115,	112,	104,	101,	103,	101,	99,	101,	77,	70,	87,	102,	105,	165,	196,	196,	197,	196,	196,
221,	233,	232,	229,	228,	230,	177,	75,	53,	51,	46,	56,	91,	113,	128,	142,	150,	154,	162,	171,	180,	183,	185,	187,	186,	180,	177,	181,	187,	186,	176,	151,	124,	117,	122,	127,	130,	119,	103,	110,	123,	123,	115,	117,	120,	129,	135,	140,	146,	149,	148,	152,	157,	154,	149,	144,	136,	123,	122,	124,	119,	114,	114,	110,	104,	100,	103,	100,	97,	88,	69,	70,	82,	101,	122,	178,	198,	195,	195,	195,	195,
218,	232,	230,	228,	228,	228,	191,	91,	66,	62,	57,	60,	84,	105,	123,	137,	144,	149,	154,	163,	174,	178,	178,	179,	178,	173,	176,	183,	190,	185,	179,	168,	155,	147,	141,	141,	146,	131,	111,	120,	134,	140,	134,	127,	124,	126,	129,	137,	142,	143,	142,	143,	147,	147,	146,	139,	134,	123,	121,	122,	115,	111,	111,	106,	102,	100,	100,	99,	94,	76,	67,	70,	86,	107,	140,	189,	196,	194,	194,	194,	194,
216,	232,	230,	228,	226,	223,	212,	126,	81,	79,	77,	73,	79,	97,	116,	129,	137,	146,	150,	158,	165,	171,	171,	172,	172,	173,	179,	182,	182,	179,	174,	165,	155,	150,	153,	160,	163,	146,	128,	135,	154,	158,	152,	142,	136,	129,	129,	132,	132,	132,	133,	135,	138,	137,	139,	133,	129,	129,	123,	117,	113,	107,	101,	103,	99,	97,	99,	99,	94,	81,	81,	79,	94,	114,	152,	194,	194,	194,	194,	194,	193,
213,	230,	229,	228,	224,	222,	219,	165,	96,	90,	101,	98,	83,	87,	105,	123,	131,	140,	144,	153,	159,	164,	165,	166,	168,	172,	175,	175,	172,	172,	169,	160,	155,	158,	166,	170,	172,	160,	150,	158,	166,	157,	141,	140,	138,	134,	129,	125,	123,	122,	122,	125,	132,	132,	130,	126,	126,	124,	122,	116,	107,	103,	100,	97,	97,	93,	98,	97,	95,	97,	103,	103,	103,	116,	164,	195,	194,	193,	193,	194,	193,
210,	229,	229,	226,	221,	218,	217,	195,	119,	95,	108,	117,	97,	83,	97,	116,	127,	132,	134,	142,	152,	157,	160,	161,	166,	170,	167,	164,	164,	165,	163,	160,	156,	160,	161,	148,	138,	139,	145,	150,	138,	116,	101,	105,	113,	118,	119,	120,	117,	115,	114,	117,	125,	127,	123,	120,	120,	121,	117,	113,	107,	100,	96,	94,	95,	93,	98,	95,	93,	102,	111,	116,	105,	119,	177,	194,	193,	192,	192,	191,	193,
208,	228,	228,	223,	219,	214,	215,	209,	147,	105,	112,	121,	108,	84,	90,	107,	120,	128,	130,	135,	145,	151,	155,	158,	162,	163,	157,	152,	152,	150,	150,	153,	151,	141,	124,	102,	93,	94,	99,	102,	90,	78,	77,	74,	77,	81,	88,	97,	104,	104,	104,	110,	117,	120,	119,	118,	117,	116,	113,	110,	106,	97,	94,	92,	93,	96,	100,	94,	93,	102,	109,	116,	109,	136,	187,	193,	192,	192,	192,	192,	192,
205,	225,	225,	220,	217,	215,	213,	213,	175,	116,	118,	118,	116,	91,	84,	101,	116,	127,	127,	133,	140,	145,	147,	154,	154,	155,	153,	147,	143,	136,	134,	135,	123,	101,	82,	74,	72,	68,	67,	69,	70,	76,	81,	83,	79,	74,	70,	68,	73,	80,	83,	93,	106,	115,	117,	116,	115,	112,	111,	109,	107,	98,	94,	95,	96,	98,	100,	88,	89,	105,	110,	120,	131,	165,	193,	193,	193,	192,	192,	193,	191,
203,	225,	222,	218,	217,	214,	212,	212,	198,	138,	125,	124,	109,	95,	81,	92,	108,	119,	127,	131,	139,	141,	144,	149,	148,	148,	145,	138,	126,	118,	117,	104,	82,	66,	67,	76,	88,	96,	98,	103,	113,	128,	135,	132,	125,	116,	109,	88,	66,	57,	56,	67,	86,	105,	114,	113,	113,	113,	112,	110,	106,	98,	96,	96,	96,	98,	103,	84,	74,	95,	108,	113,	139,	185,	193,	193,	192,	192,	191,	191,	191,
201,	223,	219,	215,	215,	212,	209,	208,	207,	165,	133,	135,	114,	101,	85,	86,	99,	110,	117,	126,	134,	137,	140,	142,	139,	138,	138,	126,	109,	101,	90,	71,	59,	79,	107,	127,	140,	150,	155,	158,	160,	157,	151,	146,	140,	133,	131,	122,	104,	89,	81,	80,	93,	104,	109,	109,	109,	111,	113,	112,	107,	99,	97,	97,	95,	98,	104,	75,	68,	76,	88,	104,	155,	191,	193,	190,	192,	191,	189,	190,	190,
200,	222,	217,	213,	214,	211,	208,	206,	207,	189,	145,	149,	132,	113,	96,	83,	89,	104,	114,	119,	124,	131,	137,	136,	136,	136,	132,	116,	92,	74,	62,	56,	87,	125,	146,	151,	153,	156,	154,	152,	144,	128,	122,	120,	115,	110,	112,	111,	108,	113,	121,	118,	117,	113,	108,	106,	106,	108,	112,	110,	105,	101,	98,	97,	97,	97,	101,	90,	115,	113,	112,	144,	182,	191,	190,	191,	191,	191,	191,	189,	190,
196,	220,	217,	212,	211,	207,	206,	206,	206,	203,	159,	147,	137,	128,	113,	87,	87,	97,	109,	113,	119,	130,	136,	136,	132,	130,	127,	110,	87,	70,	71,	93,	132,	146,	140,	133,	130,	123,	110,	108,	98,	85,	83,	86,	85,	87,	96,	100,	101,	112,	123,	129,	130,	127,	114,	105,	106,	105,	108,	107,	104,	99,	95,	95,	97,	98,	101,	127,	171,	180,	179,	187,	190,	189,	189,	190,	190,	191,	191,	190,	190,
194,	217,	214,	211,	210,	208,	207,	206,	205,	205,	176,	134,	140,	145,	133,	96,	90,	95,	105,	111,	120,	127,	130,	129,	125,	124,	120,	116,	117,	120,	131,	137,	133,	120,	106,	99,	94,	85,	75,	70,	66,	65,	69,	76,	80,	87,	95,	102,	107,	115,	123,	129,	128,	123,	113,	104,	101,	101,	103,	99,	97,	99,	96,	94,	95,	98,	100,	144,	183,	189,	191,	190,	190,	188,	189,	190,	189,	190,	191,	190,	190,
192,	215,	214,	211,	209,	207,	206,	206,	205,	205,	194,	131,	112,	128,	135,	105,	92,	96,	103,	109,	118,	122,	126,	124,	121,	123,	125,	129,	145,	155,	151,	135,	120,	107,	99,	91,	85,	78,	71,	67,	67,	67,	71,	78,	84,	93,	102,	108,	111,	113,	116,	117,	116,	111,	108,	102,	98,	96,	97,	98,	99,	97,	93,	93,	92,	91,	100,	150,	185,	189,	188,	187,	188,	189,	185,	187,	189,	187,	187,	189,	189,
191,	213,	212,	209,	208,	207,	206,	205,	205,	204,	203,	163,	114,	121,	136,	110,	94,	97,	100,	106,	114,	120,	128,	129,	127,	128,	127,	135,	149,	152,	147,	135,	122,	112,	103,	96,	91,	84,	79,	79,	78,	78,	83,	90,	97,	105,	110,	113,	111,	111,	111,	108,	106,	102,	99,	95,	91,	90,	91,	92,	93,	93,	91,	91,	90,	90,	102,	158,	186,	186,	186,	186,	186,	186,	186,	188,	187,	187,	187,	186,	188,
190,	212,	211,	208,	208,	208,	206,	205,	205,	205,	204,	195,	151,	120,	124,	106,	92,	97,	102,	107,	112,	118,	126,	131,	128,	126,	126,	131,	139,	142,	138,	132,	126,	122,	115,	109,	104,	101,	99,	94,	92,	92,	96,	102,	109,	115,	115,	116,	113,	111,	108,	105,	98,	94,	88,	86,	83,	85,	86,	86,	86,	88,	88,	88,	85,	84,	110,	171,	187,	185,	186,	186,	186,	186,	187,	187,	187,	188,	186,	186,	186,
187,	210,	211,	208,	206,	206,	205,	206,	205,	204,	201,	202,	189,	129,	95,	85,	85,	96,	102,	104,	108,	116,	121,	125,	125,	122,	120,	121,	122,	127,	128,	127,	126,	126,	125,	125,	122,	120,	120,	112,	106,	104,	110,	116,	123,	126,	125,	122,	117,	111,	107,	101,	93,	86,	83,	82,	79,	82,	84,	83,	83,	85,	86,	85,	84,	82,	118,	178,	185,	185,	184,	185,	186,	186,	185,	186,	186,	187,	187,	186,	186,
185,	209,	210,	206,	207,	205,	206,	204,	203,	205,	204,	200,	201,	170,	121,	106,	94,	94,	100,	102,	107,	114,	115,	115,	114,	112,	111,	110,	114,	118,	121,	126,	124,	124,	128,	132,	137,	141,	140,	134,	124,	125,	130,	136,	144,	144,	140,	133,	127,	115,	106,	98,	91,	87,	86,	81,	80,	78,	77,	77,	80,	81,	80,	81,	82,	82,	127,	181,	185,	185,	185,	185,	185,	186,	185,	186,	186,	185,	186,	186,	185,
184,	208,	210,	205,	207,	206,	206,	203,	204,	204,	202,	200,	199,	198,	191,	181,	127,	87,	98,	102,	103,	111,	113,	109,	107,	104,	101,	101,	107,	113,	116,	119,	120,	124,	131,	140,	154,	161,	158,	152,	145,	142,	143,	147,	152,	151,	147,	139,	129,	119,	108,	98,	92,	86,	82,	78,	75,	76,	76,	72,	74,	75,	76,	76,	79,	86,	143,	184,	185,	183,	183,	183,	183,	184,	184,	186,	186,	186,	185,	185,	185,
183,	208,	211,	206,	205,	206,	205,	204,	204,	204,	203,	200,	198,	199,	198,	195,	159,	88,	91,	96,	101,	105,	108,	108,	105,	99,	90,	92,	98,	106,	110,	113,	123,	136,	146,	156,	169,	170,	165,	157,	149,	141,	141,	146,	152,	152,	144,	132,	122,	114,	107,	99,	91,	83,	75,	69,	72,	73,	72,	69,	73,	77,	78,	76,	76,	96,	163,	186,	185,	184,	182,	183,	183,	184,	185,	185,	184,	185,	185,	186,	185,
182,	205,	210,	205,	206,	207,	204,	203,	204,	205,	200,	200,	197,	199,	198,	195,	178,	100,	83,	92,	97,	98,	102,	102,	100,	94,	85,	88,	95,	100,	107,	115,	126,	138,	147,	157,	164,	164,	161,	151,	139,	133,	135,	138,	143,	142,	134,	122,	113,	108,	104,	96,	89,	80,	72,	71,	72,	72,	70,	66,	70,	74,	76,	75,	74,	113,	177,	185,	182,	183,	182,	183,	183,	184,	184,	184,	184,	184,	184,	183,	182,
181,	203,	212,	205,	206,	206,	205,	205,	204,	204,	202,	199,	200,	200,	197,	193,	187,	117,	77,	86,	93,	95,	93,	95,	91,	85,	85,	86,	93,	97,	106,	115,	120,	129,	138,	145,	152,	152,	148,	139,	127,	123,	123,	128,	133,	129,	119,	108,	104,	98,	96,	89,	84,	79,	75,	77,	75,	71,	68,	67,	70,	72,	73,	71,	80,	138,	184,	183,	182,	182,	181,	183,	182,	182,	183,	183,	184,	184,	184,	183,	183,
180,	202,	209,	204,	205,	204,	206,	204,	204,	203,	203,	199,	200,	197,	197,	190,	188,	132,	77,	80,	85,	92,	90,	90,	88,	84,	86,	84,	90,	98,	105,	112,	114,	122,	130,	133,	136,	134,	130,	126,	120,	122,	124,	122,	118,	109,	102,	97,	90,	84,	86,	83,	76,	72,	74,	74,	71,	65,	65,	67,	68,	67,	69,	70,	90,	158,	184,	181,	183,	182,	181,	181,	182,	182,	183,	183,	182,	182,	182,	181,	177,
179,	202,	207,	205,	205,	205,	205,	203,	203,	204,	201,	200,	199,	198,	197,	191,	185,	153,	82,	71,	79,	86,	86,	85,	85,	85,	84,	84,	88,	97,	99,	103,	107,	114,	121,	123,	122,	119,	118,	117,	113,	115,	117,	110,	103,	98,	92,	89,	82,	79,	78,	75,	74,	69,	67,	68,	63,	61,	63,	64,	64,	65,	70,	72,	98,	164,	181,	182,	182,	182,	181,	180,	182,	181,	182,	182,	181,	180,	176,	170,	162,
178,	200,	207,	204,	205,	204,	205,	203,	203,	204,	201,	199,	199,	199,	198,	194,	179,	147,	89,	67,	70,	75,	80,	80,	79,	81,	82,	84,	89,	91,	95,	98,	100,	103,	106,	109,	109,	108,	104,	102,	102,	103,	102,	97,	92,	86,	80,	76,	76,	72,	69,	70,	69,	65,	62,	62,	59,	58,	58,	59,	63,	65,	68,	74,	107,	166,	182,	180,	181,	181,	180,	178,	180,	181,	181,	179,	174,	168,	162,	153,	147,
177,	197,	206,	202,	203,	204,	204,	202,	201,	202,	201,	200,	198,	198,	198,	196,	182,	145,	102,	73,	62,	66,	70,	72,	72,	73,	75,	78,	84,	89,	91,	93,	89,	88,	90,	93,	96,	95,	92,	90,	90,	91,	88,	83,	80,	75,	68,	66,	67,	65,	63,	62,	62,	59,	56,	57,	55,	54,	57,	58,	60,	65,	69,	80,	115,	173,	184,	181,	181,	182,	181,	180,	180,	178,	175,	169,	161,	152,	146,	139,	134,
176,	195,	207,	203,	202,	204,	203,	202,	201,	200,	200,	199,	197,	197,	198,	195,	184,	166,	123,	90,	61,	60,	65,	65,	68,	67,	70,	71,	75,	81,	84,	83,	77,	74,	74,	76,	80,	80,	78,	76,	81,	78,	73,	69,	67,	63,	59,	55,	55,	54,	54,	54,	55,	53,	49,	51,	51,	52,	56,	57,	60,	65,	72,	88,	116,	173,	183,	182,	181,	180,	178,	177,	175,	168,	161,	153,	145,	138,	134,	130,	127,
177,	194,	206,	201,	201,	204,	204,	203,	201,	201,	201,	200,	198,	197,	197,	193,	185,	170,	125,	105,	73,	56,	59,	61,	60,	60,	63,	63,	64,	69,	73,	71,	67,	64,	64,	62,	65,	65,	65,	64,	66,	64,	60,	58,	57,	55,	52,	48,	50,	49,	49,	50,	51,	48,	46,	47,	48,	50,	53,	55,	61,	65,	78,	92,	118,	173,	182,	181,	179,	177,	176,	172,	166,	155,	147,	139,	133,	129,	126,	125,	126,
175,	193,	206,	202,	201,	203,	204,	203,	200,	201,	202,	199,	197,	196,	196,	194,	188,	176,	136,	112,	91,	56,	51,	55,	55,	57,	57,	55,	56,	58,	59,	58,	58,	57,	57,	53,	52,	51,	52,	53,	52,	51,	47,	46,	48,	47,	46,	47,	44,	45,	45,	48,	48,	46,	47,	48,	49,	50,	53,	56,	61,	67,	84,	93,	119,	173,	181,	180,	180,	175,	169,	161,	152,	142,	135,	130,	127,	125,	124,	124,	125,
175,	191,	204,	201,	201,	203,	202,	199,	199,	200,	200,	198,	196,	196,	196,	194,	190,	186,	157,	118,	106,	72,	49,	47,	49,	51,	51,	51,	50,	49,	49,	48,	48,	49,	51,	48,	45,	43,	44,	46,	45,	44,	41,	41,	43,	43,	43,	42,	40,	41,	42,	47,	47,	46,	48,	49,	51,	52,	56,	58,	64,	72,	87,	93,	121,	174,	180,	176,	178,	170,	160,	149,	139,	132,	128,	125,	125,	125,	125,	125,	125,
174,	189,	204,	201,	200,	202,	202,	201,	199,	199,	199,	198,	197,	197,	197,	194,	191,	192,	182,	133,	108,	94,	63,	46,	44,	44,	46,	47,	46,	44,	44,	42,	42,	42,	43,	42,	40,	38,	38,	40,	41,	39,	38,	40,	40,	41,	41,	40,	41,	42,	43,	46,	47,	49,	50,	51,	53,	54,	57,	61,	67,	76,	87,	93,	122,	174,	179,	174,	171,	160,	148,	138,	130,	127,	125,	124,	124,	124,	125,	125,	124,
173,	187,	204,	201,	199,	202,	201,	200,	200,	200,	200,	197,	195,	195,	196,	196,	194,	194,	192,	149,	110,	104,	89,	64,	44,	41,	41,	41,	41,	41,	39,	39,	38,	37,	37,	38,	37,	37,	37,	36,	38,	38,	38,	39,	40,	41,	39,	41,	42,	43,	45,	47,	48,	51,	51,	53,	56,	56,	58,	64,	67,	78,	89,	94,	121,	172,	176,	170,	162,	151,	140,	130,	126,	125,	125,	124,	123,	123,	124,	124,	124,
172,	185,	203,	199,	198,	200,	199,	199,	200,	199,	198,	197,	196,	195,	196,	195,	194,	193,	191,	157,	111,	107,	97,	86,	63,	45,	40,	38,	38,	39,	38,	37,	37,	38,	36,	37,	37,	37,	38,	39,	42,	41,	41,	43,	44,	42,	45,	45,	45,	45,	47,	49,	51,	51,	54,	55,	56,	58,	61,	63,	71,	81,	92,	93,	122,	171,	174,	165,	155,	143,	133,	126,	124,	123,	123,	126,	126,	124,	124,	125,	125,
172,	183,	202,	199,	199,	200,	199,	198,	199,	199,	198,	196,	196,	196,	196,	195,	193,	192,	192,	168,	116,	108,	109,	98,	83,	65,	49,	41,	39,	37,	36,	35,	37,	38,	38,	39,	39,	40,	41,	41,	42,	44,	45,	46,	44,	43,	46,	47,	47,	45,	47,	48,	50,	51,	52,	55,	56,	58,	63,	65,	72,	81,	89,	95,	123,	170,	171,	161,	148,	136,	128,	123,	122,	122,	122,	122,	124,	125,	123,	124,	125,
171,	181,	201,	199,	198,	200,	199,	198,	198,	198,	197,	195,	195,	195,	195,	194,	193,	190,	192,	176,	122,	110,	114,	108,	96,	82,	67,	58,	46,	38,	36,	34,	36,	35,	36,	37,	38,	39,	40,	41,	43,	43,	44,	46,	45,	44,	44,	46,	46,	45,	47,	48,	49,	50,	51,	55,	57,	60,	65,	69,	76,	82,	87,	94,	124,	168,	168,	156,	143,	132,	126,	121,	122,	121,	121,	121,	123,	124,	122,	123,	123,
171,	180,	200,	199,	197,	199,	199,	198,	197,	197,	198,	197,	194,	193,	194,	194,	192,	193,	192,	184,	129,	109,	117,	114,	107,	95,	80,	73,	65,	53,	44,	41,	37,	35,	36,	36,	36,	37,	38,	40,	42,	43,	43,	43,	43,	44,	43,	43,	44,	46,	47,	48,	49,	50,	53,	55,	58,	62,	67,	73,	78,	83,	89,	95,	124,	166,	163,	151,	138,	129,	125,	123,	122,	121,	120,	121,	121,	122,	123,	122,	122,
171,	180,	200,	199,	197,	199,	199,	198,	198,	197,	197,	196,	195,	194,	194,	192,	193,	191,	192,	189,	135,	111,	118,	118,	113,	106,	92,	83,	77,	71,	62,	55,	49,	43,	40,	37,	38,	37,	37,	37,	38,	40,	41,	42,	43,	45,	45,	45,	49,	49,	49,	51,	55,	57,	59,	59,	63,	67,	71,	77,	81,	86,	92,	97,	125,	163,	156,	143,	133,	126,	123,	120,	121,	120,	121,	122,	123,	123,	123,	121,	121,
