221,	230,	233,	233,	233,	233,	233,	234,	233,	233,	233,	233,	233,	233,	233,	233,	233,	233,	233,	233,	235,	221,	202,	201,	193,	190,	223,	205,	164,	88,	69,	83,	105,	89,	80,	74,	93,	91,	68,	53,	44,	48,	52,	51,	56,	69,	81,	79,	97,	104,	103,	100,	93,	98,	124,	125,	161,	230,	236,	233,	233,	233,	233,	233,	233,	233,	233,	233,	233,	233,	233,	233,	233,	233,	233,	233,	233,	233,	233,	233,	233,
224,	230,	233,	233,	233,	233,	233,	233,	233,	233,	233,	233,	233,	233,	233,	233,	234,	233,	233,	233,	234,	224,	202,	200,	197,	180,	195,	176,	134,	71,	52,	66,	76,	71,	77,	63,	80,	71,	54,	42,	37,	43,	50,	53,	48,	56,	63,	62,	65,	75,	81,	80,	80,	82,	93,	123,	131,	182,	233,	233,	233,	233,	234,	232,	234,	233,	233,	232,	234,	233,	233,	233,	233,	233,	233,	233,	233,	233,	233,	233,	233,
227,	230,	233,	233,	233,	233,	233,	233,	233,	233,	233,	233,	233,	233,	233,	233,	233,	232,	233,	234,	234,	225,	203,	199,	203,	186,	152,	111,	80,	57,	47,	58,	62,	61,	57,	55,	62,	51,	40,	33,	34,	31,	34,	39,	37,	35,	35,	34,	35,	35,	40,	47,	53,	55,	63,	78,	112,	139,	222,	237,	233,	233,	233,	233,	232,	233,	234,	233,	233,	233,	234,	233,	233,	233,	233,	233,	233,	233,	233,	233,	233,
227,	230,	233,	233,	233,	233,	233,	233,	233,	233,	233,	233,	233,	233,	233,	233,	233,	233,	234,	232,	234,	229,	215,	217,	228,	210,	134,	69,	51,	49,	48,	53,	54,	50,	44,	44,	44,	39,	33,	34,	30,	25,	29,	32,	30,	28,	29,	27,	25,	26,	32,	34,	37,	41,	49,	51,	60,	88,	163,	229,	238,	234,	234,	233,	233,	233,	233,	233,	233,	232,	234,	233,	233,	233,	233,	233,	233,	233,	233,	233,	233,
225,	229,	233,	233,	233,	234,	233,	233,	233,	233,	233,	233,	233,	233,	233,	233,	233,	233,	233,	233,	234,	232,	232,	230,	230,	203,	125,	49,	40,	45,	45,	47,	47,	42,	39,	37,	38,	34,	31,	31,	27,	22,	27,	28,	25,	28,	24,	21,	22,	25,	28,	33,	34,	35,	35,	41,	45,	54,	88,	146,	209,	238,	236,	233,	232,	234,	233,	233,	233,	233,	233,	233,	233,	233,	233,	233,	233,	233,	233,	233,	233,
224,	229,	233,	233,	233,	233,	233,	233,	233,	233,	233,	233,	233,	232,	233,	233,	234,	233,	234,	234,	233,	235,	233,	217,	205,	166,	96,	46,	41,	43,	43,	43,	41,	37,	36,	33,	32,	34,	28,	31,	26,	22,	27,	27,	27,	24,	19,	20,	26,	28,	27,	28,	29,	29,	30,	31,	37,	43,	68,	104,	133,	181,	227,	237,	233,	232,	233,	233,	233,	234,	233,	233,	233,	233,	233,	233,	233,	233,	233,	233,	233,
224,	229,	233,	233,	233,	233,	233,	233,	233,	233,	233,	233,	233,	233,	234,	233,	235,	236,	234,	233,	223,	225,	223,	185,	154,	151,	90,	50,	45,	43,	43,	40,	37,	35,	31,	27,	28,	31,	31,	30,	27,	24,	29,	26,	26,	19,	20,	25,	29,	28,	29,	26,	26,	22,	22,	25,	28,	33,	45,	69,	104,	125,	161,	218,	235,	233,	232,	234,	234,	233,	233,	233,	233,	233,	233,	233,	233,	233,	233,	233,	233,
225,	229,	232,	233,	233,	233,	233,	233,	233,	233,	233,	233,	233,	236,	236,	233,	214,	190,	175,	166,	160,	153,	143,	146,	129,	119,	79,	50,	46,	42,	39,	38,	35,	31,	31,	27,	24,	32,	28,	30,	28,	22,	27,	26,	23,	18,	24,	29,	29,	29,	26,	24,	21,	21,	22,	23,	24,	27,	36,	45,	68,	96,	127,	159,	225,	235,	233,	232,	233,	232,	234,	233,	233,	233,	233,	233,	233,	233,	233,	233,	233,
226,	227,	233,	234,	233,	233,	233,	233,	233,	233,	232,	232,	236,	229,	193,	148,	112,	88,	73,	63,	63,	59,	67,	81,	86,	77,	63,	50,	44,	40,	35,	36,	35,	31,	29,	28,	22,	26,	29,	25,	26,	24,	25,	23,	20,	21,	28,	30,	29,	25,	23,	22,	19,	18,	19,	20,	21,	24,	31,	37,	47,	67,	93,	136,	215,	236,	232,	233,	233,	233,	233,	233,	233,	233,	233,	233,	233,	233,	233,	233,	233,
225,	227,	232,	233,	233,	233,	233,	233,	233,	233,	234,	236,	220,	154,	95,	67,	57,	56,	58,	56,	57,	54,	49,	48,	51,	50,	50,	46,	39,	34,	34,	34,	34,	33,	29,	28,	24,	23,	25,	25,	24,	24,	22,	20,	20,	20,	24,	25,	22,	21,	21,	20,	16,	17,	19,	19,	21,	23,	27,	34,	42,	48,	75,	154,	211,	233,	233,	233,	233,	233,	233,	233,	233,	233,	233,	233,	233,	233,	233,	233,	233,
225,	228,	232,	233,	233,	233,	233,	233,	233,	233,	234,	210,	133,	81,	68,	62,	56,	54,	54,	55,	53,	54,	51,	50,	46,	47,	46,	43,	39,	33,	31,	31,	32,	34,	34,	30,	27,	25,	22,	22,	22,	22,	22,	20,	19,	19,	20,	20,	19,	18,	19,	19,	20,	20,	19,	19,	20,	21,	24,	30,	39,	45,	52,	117,	198,	226,	234,	233,	234,	234,	233,	233,	233,	233,	233,	233,	233,	233,	233,	233,	233,
224,	227,	232,	234,	233,	233,	232,	233,	233,	234,	212,	130,	80,	68,	61,	61,	50,	46,	45,	48,	46,	46,	46,	45,	50,	47,	41,	40,	41,	37,	32,	32,	34,	35,	34,	35,	33,	29,	27,	23,	22,	20,	21,	19,	19,	18,	18,	20,	19,	21,	21,	20,	23,	23,	20,	19,	19,	18,	21,	26,	34,	42,	47,	60,	143,	209,	227,	233,	231,	233,	234,	233,	233,	233,	233,	233,	233,	233,	233,	233,	233,
224,	226,	232,	233,	233,	233,	233,	233,	231,	223,	145,	78,	74,	64,	58,	54,	46,	45,	46,	46,	46,	46,	46,	42,	40,	37,	32,	30,	30,	29,	28,	28,	33,	40,	45,	45,	45,	49,	48,	49,	50,	50,	45,	37,	32,	24,	19,	18,	17,	20,	22,	22,	23,	23,	21,	19,	20,	19,	20,	23,	29,	36,	44,	49,	70,	159,	215,	234,	234,	232,	233,	232,	233,	232,	232,	233,	233,	233,	233,	233,	233,
224,	226,	232,	233,	232,	233,	232,	232,	234,	186,	97,	77,	71,	62,	47,	46,	43,	46,	47,	44,	44,	40,	38,	33,	31,	28,	26,	25,	28,	38,	53,	63,	74,	87,	91,	99,	102,	105,	110,	118,	128,	136,	130,	120,	108,	90,	68,	45,	29,	21,	17,	19,	23,	23,	21,	22,	22,	23,	24,	25,	30,	38,	36,	49,	53,	80,	170,	229,	233,	233,	231,	233,	233,	232,	232,	233,	233,	232,	232,	233,	233,
224,	226,	232,	233,	233,	233,	232,	233,	232,	142,	80,	67,	57,	52,	43,	38,	41,	44,	44,	40,	38,	34,	31,	26,	22,	21,	32,	57,	87,	116,	138,	150,	161,	170,	174,	178,	182,	184,	184,	188,	191,	197,	187,	175,	165,	155,	141,	118,	94,	64,	35,	19,	18,	20,	20,	21,	21,	22,	24,	28,	36,	44,	44,	40,	45,	48,	102,	206,	236,	232,	233,	233,	233,	232,	232,	233,	233,	232,	232,	232,	232,
224,	225,	231,	233,	233,	233,	233,	236,	215,	99,	68,	59,	52,	46,	42,	46,	46,	43,	40,	35,	30,	28,	29,	24,	23,	51,	99,	144,	175,	195,	205,	206,	208,	213,	216,	220,	222,	219,	217,	213,	211,	211,	200,	189,	184,	180,	173,	160,	150,	132,	105,	64,	29,	19,	19,	19,	17,	19,	21,	28,	36,	46,	50,	42,	35,	40,	58,	170,	237,	234,	235,	233,	232,	232,	232,	233,	233,	232,	232,	232,	232,
223,	225,	232,	233,	233,	233,	233,	235,	182,	72,	65,	53,	49,	41,	41,	42,	36,	33,	33,	31,	28,	28,	25,	28,	72,	138,	180,	204,	217,	226,	226,	227,	225,	225,	226,	228,	227,	222,	221,	216,	217,	213,	202,	200,	198,	196,	187,	176,	171,	161,	148,	126,	88,	44,	20,	17,	21,	22,	24,	29,	35,	44,	52,	49,	39,	36,	39,	124,	212,	212,	213,	231,	234,	232,	231,	232,	234,	233,	233,	234,	233,
222,	224,	231,	233,	233,	232,	234,	230,	157,	67,	58,	46,	39,	33,	34,	32,	31,	31,	29,	29,	30,	25,	30,	81,	157,	196,	214,	222,	228,	229,	228,	229,	228,	226,	227,	228,	225,	221,	221,	219,	211,	205,	203,	207,	205,	200,	190,	184,	179,	170,	158,	145,	130,	97,	52,	23,	20,	27,	27,	27,	29,	37,	44,	50,	47,	37,	31,	81,	157,	191,	192,	215,	235,	233,	233,	234,	233,	232,	233,	232,	233,
223,	224,	232,	233,	232,	233,	235,	225,	143,	62,	52,	41,	32,	28,	29,	32,	35,	32,	29,	30,	27,	30,	79,	154,	193,	210,	222,	227,	228,	229,	231,	226,	223,	223,	225,	224,	220,	215,	216,	216,	206,	202,	206,	206,	201,	195,	185,	179,	175,	171,	163,	153,	140,	124,	95,	56,	27,	17,	22,	23,	22,	25,	33,	40,	44,	34,	27,	55,	117,	151,	172,	212,	236,	233,	233,	231,	233,	233,	231,	233,	231,
223,	224,	231,	233,	232,	233,	235,	221,	130,	57,	45,	34,	27,	27,	30,	36,	33,	29,	28,	27,	27,	72,	142,	186,	201,	213,	221,	225,	228,	226,	223,	219,	216,	217,	218,	217,	213,	210,	211,	209,	198,	196,	202,	200,	196,	190,	181,	175,	168,	167,	163,	155,	143,	132,	120,	96,	56,	19,	16,	20,	21,	21,	25,	30,	34,	29,	27,	62,	120,	159,	190,	224,	234,	231,	232,	232,	232,	230,	230,	231,	229,
222,	224,	230,	232,	233,	232,	237,	212,	123,	61,	42,	33,	27,	33,	31,	30,	29,	30,	29,	26,	67,	141,	183,	200,	207,	214,	215,	214,	217,	220,	219,	215,	213,	214,	212,	209,	207,	207,	207,	201,	193,	196,	195,	187,	187,	188,	184,	176,	170,	163,	161,	154,	147,	142,	133,	121,	99,	54,	18,	16,	20,	19,	26,	31,	31,	31,	33,	65,	110,	173,	218,	227,	232,	232,	231,	231,	231,	228,	230,	228,	228,
221,	222,	230,	233,	233,	233,	237,	190,	131,	83,	43,	29,	27,	32,	30,	28,	31,	34,	28,	60,	134,	180,	195,	203,	209,	207,	210,	213,	215,	224,	227,	219,	212,	212,	211,	207,	205,	204,	202,	197,	194,	199,	196,	191,	193,	193,	191,	184,	179,	169,	163,	154,	148,	148,	145,	136,	119,	94,	48,	20,	24,	22,	19,	24,	31,	33,	39,	52,	72,	113,	176,	221,	233,	230,	230,	230,	229,	229,	227,	228,	226,
219,	220,	229,	233,	233,	235,	226,	179,	159,	74,	41,	31,	29,	33,	29,	33,	34,	32,	45,	111,	173,	197,	201,	210,	211,	208,	212,	222,	226,	227,	227,	224,	219,	212,	205,	204,	206,	205,	202,	196,	194,	201,	200,	200,	203,	203,	203,	194,	187,	177,	164,	158,	155,	152,	151,	146,	132,	109,	81,	38,	24,	34,	32,	26,	29,	33,	38,	43,	59,	79,	120,	184,	229,	230,	228,	229,	227,	228,	225,	224,	224,
219,	219,	227,	233,	233,	236,	214,	188,	147,	56,	42,	40,	38,	30,	35,	41,	39,	49,	77,	141,	186,	203,	209,	215,	219,	219,	221,	226,	230,	228,	228,	226,	222,	212,	202,	202,	203,	199,	202,	202,	202,	204,	203,	208,	211,	208,	205,	196,	188,	179,	170,	165,	162,	156,	152,	149,	140,	120,	95,	64,	31,	30,	39,	35,	31,	31,	35,	42,	53,	67,	98,	134,	189,	229,	229,	226,	226,	225,	223,	221,	221,
218,	219,	228,	233,	233,	235,	214,	183,	92,	56,	56,	49,	37,	40,	49,	48,	60,	71,	94,	149,	187,	202,	209,	217,	225,	227,	226,	229,	228,	230,	228,	227,	224,	218,	208,	198,	196,	194,	199,	200,	202,	208,	210,	212,	210,	201,	194,	188,	181,	176,	171,	168,	164,	159,	152,	147,	140,	126,	103,	76,	51,	39,	38,	42,	33,	32,	38,	37,	46,	61,	76,	109,	155,	207,	228,	224,	223,	223,	220,	219,	219,
217,	219,	228,	232,	233,	233,	224,	155,	76,	78,	80,	46,	45,	52,	52,	60,	71,	78,	105,	149,	178,	191,	205,	219,	224,	226,	225,	228,	227,	221,	216,	214,	216,	213,	205,	194,	191,	192,	193,	194,	194,	201,	205,	205,	193,	181,	175,	171,	168,	168,	165,	163,	163,	158,	156,	147,	137,	124,	101,	75,	56,	50,	44,	46,	45,	32,	35,	44,	44,	51,	63,	88,	138,	182,	219,	222,	220,	219,	220,	217,	215,
216,	218,	226,	234,	233,	234,	212,	123,	91,	105,	70,	51,	57,	48,	59,	73,	73,	80,	105,	142,	168,	186,	210,	216,	218,	217,	214,	213,	211,	197,	184,	186,	193,	195,	191,	184,	186,	195,	196,	196,	189,	188,	182,	174,	165,	156,	153,	151,	154,	156,	153,	155,	159,	159,	158,	149,	136,	116,	98,	74,	56,	49,	53,	46,	50,	52,	39,	38,	47,	50,	60,	72,	109,	161,	202,	220,	217,	217,	216,	215,	214,
215,	216,	225,	234,	232,	237,	183,	104,	119,	101,	61,	61,	54,	55,	68,	77,	72,	78,	102,	134,	163,	194,	215,	215,	211,	207,	204,	192,	181,	171,	163,	161,	163,	167,	170,	171,	179,	184,	185,	182,	174,	170,	156,	148,	138,	131,	130,	134,	142,	146,	148,	149,	151,	156,	155,	151,	137,	115,	93,	74,	55,	46,	53,	54,	44,	51,	54,	41,	43,	50,	55,	68,	86,	134,	186,	213,	217,	215,	215,	214,	213,
216,	217,	227,	233,	233,	237,	166,	115,	128,	77,	66,	59,	59,	69,	79,	70,	66,	80,	95,	122,	160,	200,	217,	217,	210,	201,	187,	172,	164,	154,	144,	141,	142,	142,	151,	158,	167,	171,	171,	160,	149,	146,	134,	124,	118,	113,	114,	124,	136,	145,	157,	163,	165,	162,	158,	151,	140,	114,	91,	72,	56,	44,	45,	53,	49,	42,	52,	52,	41,	43,	48,	62,	78,	103,	171,	211,	215,	215,	213,	213,	211,
215,	216,	226,	233,	235,	236,	163,	131,	104,	71,	64,	56,	67,	78,	74,	63,	63,	74,	92,	125,	166,	204,	216,	218,	215,	210,	202,	184,	169,	156,	141,	135,	124,	125,	130,	137,	151,	156,	156,	146,	135,	128,	113,	105,	99,	107,	142,	172,	176,	168,	182,	195,	199,	204,	213,	191,	146,	117,	93,	67,	49,	40,	44,	48,	51,	47,	43,	51,	50,	41,	42,	53,	72,	89,	148,	210,	213,	214,	213,	213,	211,
216,	217,	226,	233,	233,	234,	162,	117,	86,	72,	54,	59,	73,	69,	64,	61,	64,	68,	90,	130,	173,	210,	220,	209,	190,	171,	151,	130,	114,	101,	105,	129,	132,	113,	109,	118,	131,	155,	167,	157,	127,	109,	95,	86,	126,	175,	154,	119,	103,	105,	117,	130,	142,	151,	168,	161,	133,	118,	103,	79,	47,	32,	34,	42,	50,	49,	44,	42,	50,	47,	40,	47,	62,	85,	133,	203,	214,	211,	213,	212,	211,
217,	218,	228,	233,	233,	233,	172,	106,	80,	60,	55,	68,	71,	64,	61,	61,	54,	59,	93,	137,	183,	190,	159,	142,	139,	130,	111,	97,	84,	69,	69,	74,	82,	87,	91,	98,	134,	203,	210,	169,	118,	92,	74,	120,	161,	95,	74,	74,	72,	75,	81,	95,	107,	108,	111,	118,	107,	96,	102,	87,	54,	31,	25,	31,	44,	51,	46,	43,	42,	47,	43,	41,	55,	80,	130,	198,	213,	212,	213,	212,	211,
215,	216,	228,	233,	233,	234,	181,	100,	71,	53,	60,	66,	65,	60,	54,	48,	45,	61,	107,	147,	158,	134,	144,	139,	128,	119,	102,	89,	77,	77,	78,	76,	73,	67,	97,	110,	103,	147,	145,	117,	93,	73,	78,	128,	82,	67,	80,	76,	68,	71,	74,	80,	82,	80,	85,	100,	114,	90,	90,	99,	64,	34,	23,	23,	33,	45,	46,	44,	42,	42,	46,	42,	45,	75,	133,	198,	213,	213,	211,	212,	210,
214,	217,	226,	233,	233,	237,	203,	107,	64,	51,	57,	63,	64,	57,	45,	36,	40,	69,	124,	143,	114,	129,	139,	121,	111,	106,	101,	94,	78,	70,	66,	69,	74,	70,	104,	131,	75,	122,	168,	146,	98,	67,	84,	85,	66,	75,	70,	71,	82,	85,	77,	66,	70,	73,	77,	85,	95,	91,	88,	136,	112,	49,	22,	19,	25,	37,	44,	42,	40,	41,	45,	48,	41,	70,	144,	202,	214,	212,	212,	211,	211,
214,	217,	226,	233,	232,	234,	222,	121,	56,	47,	54,	58,	55,	47,	37,	31,	37,	133,	182,	123,	84,	118,	122,	106,	88,	74,	78,	62,	53,	55,	65,	66,	69,	75,	82,	85,	89,	149,	199,	182,	126,	76,	93,	71,	64,	70,	77,	81,	76,	57,	46,	37,	41,	51,	70,	82,	85,	94,	73,	96,	95,	61,	24,	19,	22,	30,	40,	40,	38,	39,	41,	49,	42,	76,	161,	205,	213,	211,	211,	211,	210,
214,	216,	227,	233,	233,	232,	235,	147,	57,	45,	50,	53,	48,	40,	33,	25,	39,	105,	153,	111,	77,	116,	110,	86,	59,	67,	78,	70,	41,	34,	57,	76,	82,	84,	95,	95,	95,	164,	200,	194,	147,	78,	93,	93,	80,	86,	80,	77,	77,	70,	60,	29,	37,	41,	57,	77,	84,	91,	82,	109,	90,	60,	30,	19,	20,	25,	34,	39,	36,	36,	37,	45,	44,	85,	175,	209,	211,	211,	210,	210,	209,
214,	217,	226,	231,	232,	233,	238,	173,	62,	44,	47,	48,	43,	34,	28,	22,	43,	84,	174,	115,	75,	120,	105,	73,	64,	83,	126,	177,	49,	41,	64,	76,	99,	109,	109,	85,	90,	176,	200,	187,	145,	76,	83,	121,	108,	95,	87,	93,	95,	165,	131,	35,	55,	52,	51,	65,	81,	91,	94,	115,	104,	70,	33,	19,	18,	23,	31,	39,	35,	34,	33,	38,	48,	95,	186,	212,	211,	211,	210,	208,	208,
213,	217,	225,	232,	233,	233,	237,	199,	72,	41,	43,	42,	40,	32,	24,	20,	49,	122,	186,	114,	86,	126,	137,	144,	122,	111,	120,	117,	76,	87,	97,	97,	115,	121,	111,	60,	90,	183,	196,	182,	141,	80,	110,	175,	113,	105,	108,	107,	109,	111,	93,	74,	78,	73,	61,	63,	77,	90,	98,	109,	101,	80,	38,	22,	19,	20,	28,	40,	35,	35,	35,	36,	52,	117,	197,	211,	209,	209,	209,	208,	207,
212,	217,	224,	233,	233,	232,	235,	222,	100,	40,	38,	37,	36,	30,	22,	19,	50,	129,	169,	130,	99,	182,	235,	243,	203,	118,	109,	102,	104,	103,	101,	106,	116,	122,	101,	60,	118,	183,	194,	182,	145,	96,	85,	211,	193,	102,	103,	107,	102,	96,	90,	87,	84,	80,	80,	82,	88,	95,	96,	93,	96,	89,	44,	25,	19,	20,	28,	40,	38,	34,	35,	35,	63,	152,	208,	210,	208,	207,	206,	207,	207,
213,	218,	224,	231,	233,	232,	234,	235,	154,	50,	33,	36,	35,	28,	19,	17,	53,	135,	136,	166,	177,	225,	240,	237,	185,	114,	110,	107,	106,	107,	108,	110,	121,	116,	115,	98,	147,	176,	193,	186,	150,	107,	66,	118,	189,	138,	125,	113,	107,	101,	94,	89,	88,	90,	99,	107,	113,	101,	84,	89,	96,	91,	46,	19,	15,	21,	28,	40,	43,	33,	35,	40,	71,	174,	209,	208,	207,	206,	206,	206,	205,
213,	215,	223,	233,	234,	233,	233,	236,	208,	79,	31,	34,	34,	27,	20,	15,	55,	127,	133,	182,	239,	231,	213,	179,	149,	138,	132,	129,	128,	127,	126,	125,	116,	121,	118,	126,	156,	173,	194,	188,	156,	114,	79,	82,	113,	139,	146,	133,	120,	116,	114,	108,	109,	111,	113,	113,	102,	91,	108,	106,	99,	91,	46,	12,	14,	21,	28,	40,	47,	29,	33,	41,	81,	185,	209,	206,	206,	205,	204,	204,	205,
212,	215,	223,	233,	233,	232,	233,	234,	231,	109,	28,	33,	32,	26,	19,	13,	56,	137,	158,	175,	213,	233,	217,	188,	169,	161,	154,	147,	140,	134,	127,	115,	121,	123,	118,	142,	152,	174,	194,	189,	159,	120,	91,	86,	98,	111,	124,	129,	139,	140,	118,	114,	109,	105,	96,	87,	94,	124,	135,	119,	108,	100,	67,	14,	14,	22,	28,	40,	45,	31,	32,	37,	100,	197,	210,	206,	205,	205,	204,	205,	205,
211,	214,	222,	232,	232,	232,	233,	233,	236,	120,	26,	30,	33,	26,	18,	12,	82,	159,	178,	187,	187,	189,	209,	223,	204,	158,	140,	137,	129,	125,	127,	134,	129,	116,	128,	142,	154,	175,	199,	199,	168,	132,	98,	89,	97,	111,	121,	121,	125,	128,	116,	110,	106,	108,	111,	116,	131,	143,	139,	126,	116,	107,	90,	31,	14,	19,	26,	38,	43,	31,	30,	38,	131,	210,	207,	203,	204,	204,	204,	205,	204,
212,	214,	220,	231,	234,	234,	233,	234,	239,	124,	22,	29,	29,	27,	19,	28,	116,	164,	182,	197,	193,	182,	178,	176,	172,	165,	156,	150,	148,	145,	142,	137,	128,	123,	129,	138,	162,	188,	207,	201,	174,	144,	112,	90,	97,	108,	125,	132,	130,	134,	137,	137,	138,	139,	140,	138,	137,	142,	136,	123,	115,	110,	99,	54,	24,	21,	24,	33,	41,	32,	30,	47,	156,	210,	205,	205,	205,	205,	204,	203,	203,
211,	213,	218,	231,	234,	234,	232,	233,	241,	137,	19,	28,	28,	30,	22,	60,	135,	160,	176,	192,	194,	196,	196,	189,	179,	172,	167,	157,	148,	141,	138,	140,	137,	129,	130,	150,	171,	181,	190,	181,	155,	134,	119,	98,	97,	110,	128,	133,	137,	140,	139,	141,	141,	143,	143,	139,	137,	136,	132,	126,	116,	110,	106,	67,	34,	28,	25,	30,	36,	31,	31,	64,	176,	207,	204,	203,	202,	203,	203,	202,	202,
210,	211,	217,	231,	233,	232,	232,	232,	241,	169,	22,	22,	29,	27,	32,	77,	134,	150,	169,	184,	188,	191,	191,	188,	179,	168,	165,	162,	158,	152,	148,	149,	144,	132,	142,	142,	126,	129,	133,	126,	113,	100,	95,	104,	105,	115,	131,	138,	142,	146,	146,	145,	141,	141,	139,	137,	135,	135,	134,	132,	121,	110,	107,	75,	33,	29,	23,	29,	32,	33,	34,	87,	193,	206,	204,	201,	201,	202,	201,	200,	201,
208,	210,	217,	231,	233,	233,	233,	233,	238,	209,	52,	16,	25,	26,	39,	78,	128,	143,	158,	172,	178,	179,	180,	179,	171,	164,	166,	168,	166,	161,	159,	159,	147,	137,	130,	98,	82,	94,	95,	86,	79,	75,	68,	78,	95,	114,	140,	147,	149,	154,	154,	149,	142,	138,	134,	126,	126,	128,	130,	130,	122,	112,	105,	72,	33,	29,	25,	28,	33,	35,	36,	108,	202,	204,	201,	200,	200,	202,	201,	201,	200,
207,	211,	217,	231,	233,	233,	232,	232,	233,	233,	110,	19,	29,	34,	34,	72,	120,	135,	152,	164,	169,	173,	175,	180,	179,	176,	179,	181,	179,	174,	169,	162,	145,	126,	98,	55,	28,	59,	80,	69,	66,	38,	27,	50,	73,	101,	135,	152,	159,	163,	160,	156,	147,	140,	133,	127,	122,	123,	122,	120,	117,	111,	103,	64,	28,	27,	32,	28,	34,	35,	38,	124,	204,	201,	200,	201,	200,	199,	199,	200,	199,
206,	209,	216,	230,	235,	232,	232,	232,	230,	235,	171,	45,	45,	43,	34,	63,	110,	130,	150,	159,	166,	172,	181,	185,	187,	191,	193,	192,	189,	182,	169,	155,	137,	116,	87,	48,	26,	61,	76,	67,	59,	29,	21,	43,	70,	85,	123,	149,	161,	166,	166,	161,	157,	149,	141,	132,	126,	123,	120,	115,	113,	111,	100,	55,	24,	27,	35,	31,	36,	40,	46,	143,	203,	201,	199,	199,	199,	199,	199,	200,	199,
204,	208,	214,	229,	233,	233,	233,	231,	229,	232,	194,	78,	52,	44,	33,	57,	101,	125,	146,	159,	167,	175,	183,	184,	191,	195,	196,	195,	192,	183,	162,	146,	138,	119,	90,	72,	72,	93,	77,	65,	62,	52,	43,	54,	67,	84,	122,	146,	157,	165,	162,	157,	156,	150,	145,	138,	129,	124,	117,	112,	112,	110,	94,	46,	25,	28,	41,	37,	39,	43,	69,	168,	201,	200,	199,	198,	198,	199,	199,	199,	198,
201,	205,	210,	228,	234,	233,	232,	229,	228,	231,	200,	96,	56,	44,	34,	45,	89,	121,	142,	155,	164,	171,	175,	176,	185,	188,	188,	189,	188,	178,	157,	147,	148,	133,	103,	108,	115,	100,	82,	71,	67,	68,	77,	73,	73,	100,	127,	139,	151,	160,	155,	148,	146,	143,	140,	135,	129,	121,	114,	111,	110,	108,	90,	42,	27,	33,	45,	42,	42,	51,	101,	193,	198,	198,	198,	198,	198,	198,	198,	197,	199,
199,	203,	207,	225,	234,	232,	230,	228,	226,	228,	196,	106,	65,	48,	47,	42,	76,	115,	138,	152,	162,	168,	170,	172,	175,	177,	178,	178,	179,	170,	159,	160,	164,	157,	137,	129,	117,	108,	94,	84,	81,	83,	88,	87,	98,	115,	126,	136,	145,	151,	147,	139,	135,	136,	134,	129,	124,	119,	114,	109,	106,	106,	88,	39,	30,	39,	44,	44,	44,	53,	115,	196,	199,	198,	197,	197,	197,	197,	197,	198,	197,
195,	200,	204,	220,	233,	231,	229,	226,	224,	226,	190,	109,	78,	61,	69,	61,	69,	106,	130,	147,	154,	162,	168,	168,	168,	166,	167,	168,	170,	164,	167,	174,	175,	171,	158,	140,	122,	116,	103,	95,	100,	100,	96,	97,	109,	122,	131,	135,	140,	143,	140,	134,	131,	132,	129,	123,	119,	116,	113,	108,	104,	104,	87,	42,	37,	45,	45,	50,	46,	55,	120,	195,	200,	198,	197,	197,	197,	196,	197,	198,	197,
192,	195,	201,	218,	231,	229,	228,	225,	223,	221,	186,	121,	95,	71,	84,	76,	69,	99,	122,	140,	146,	154,	162,	162,	161,	158,	158,	161,	166,	168,	175,	176,	174,	162,	147,	139,	141,	126,	104,	108,	122,	124,	112,	105,	109,	120,	125,	132,	134,	136,	132,	128,	126,	124,	120,	116,	115,	112,	108,	105,	102,	101,	87,	52,	39,	45,	50,	59,	49,	60,	129,	197,	198,	197,	196,	196,	196,	196,	196,	196,	195,
189,	192,	197,	214,	230,	228,	226,	224,	219,	216,	180,	139,	123,	89,	82,	76,	76,	95,	113,	133,	142,	148,	154,	156,	150,	150,	151,	156,	163,	169,	168,	159,	153,	152,	146,	159,	170,	153,	131,	138,	151,	147,	132,	120,	112,	110,	110,	115,	121,	125,	124,	120,	119,	118,	115,	112,	110,	107,	102,	99,	97,	99,	88,	59,	44,	45,	56,	64,	53,	77,	152,	198,	195,	195,	195,	195,	195,	195,	195,	195,	195,
186,	190,	194,	211,	229,	229,	224,	220,	216,	214,	179,	147,	136,	107,	89,	82,	89,	93,	100,	119,	132,	138,	143,	146,	147,	146,	145,	153,	160,	159,	147,	139,	145,	160,	165,	154,	141,	137,	143,	146,	139,	117,	108,	113,	118,	112,	104,	103,	104,	109,	116,	112,	113,	115,	112,	107,	107,	101,	96,	94,	93,	95,	84,	55,	47,	51,	63,	65,	59,	104,	182,	196,	194,	195,	196,	195,	194,	195,	195,	194,	195,
184,	189,	192,	208,	228,	227,	222,	217,	214,	214,	186,	156,	149,	121,	97,	102,	129,	99,	91,	108,	120,	127,	131,	137,	142,	139,	142,	148,	145,	134,	123,	124,	140,	147,	123,	99,	96,	97,	100,	101,	87,	78,	74,	75,	88,	104,	104,	94,	94,	95,	102,	107,	108,	108,	107,	103,	101,	95,	90,	89,	88,	90,	75,	50,	50,	57,	73,	69,	76,	145,	195,	194,	193,	193,	194,	194,	193,	194,	194,	193,	193,
183,	185,	189,	204,	226,	224,	218,	214,	213,	211,	202,	175,	164,	145,	119,	113,	143,	110,	87,	94,	110,	117,	122,	128,	135,	136,	139,	137,	127,	115,	104,	108,	115,	93,	70,	67,	70,	69,	68,	64,	60,	55,	50,	51,	58,	71,	84,	84,	83,	87,	93,	100,	104,	104,	102,	99,	96,	90,	85,	84,	85,	87,	72,	55,	57,	67,	79,	76,	111,	181,	195,	192,	192,	193,	193,	193,	192,	193,	194,	194,	193,
182,	183,	188,	201,	225,	222,	217,	214,	212,	210,	208,	193,	169,	154,	140,	134,	151,	123,	88,	89,	101,	109,	117,	127,	131,	132,	135,	128,	113,	99,	89,	77,	66,	58,	67,	82,	90,	88,	76,	69,	66,	62,	58,	53,	49,	47,	52,	63,	71,	80,	87,	98,	102,	100,	98,	95,	92,	85,	85,	82,	84,	85,	76,	75,	77,	81,	84,	92,	155,	195,	191,	193,	191,	192,	192,	192,	192,	192,	192,	192,	192,
180,	182,	185,	200,	223,	218,	215,	213,	210,	207,	206,	201,	170,	155,	151,	155,	169,	147,	89,	93,	98,	103,	109,	117,	129,	134,	131,	117,	97,	81,	70,	63,	69,	95,	124,	131,	133,	135,	127,	125,	119,	110,	101,	92,	79,	60,	52,	58,	67,	76,	83,	97,	101,	97,	95,	93,	86,	82,	80,	82,	85,	80,	77,	83,	85,	85,	86,	125,	187,	192,	191,	190,	191,	191,	191,	191,	191,	191,	191,	191,	191,
177,	179,	181,	197,	220,	215,	213,	211,	207,	205,	205,	205,	181,	155,	174,	182,	186,	166,	97,	94,	96,	101,	100,	110,	124,	134,	133,	115,	92,	91,	100,	121,	139,	141,	138,	135,	135,	135,	136,	136,	128,	117,	104,	96,	95,	97,	96,	93,	90,	89,	84,	95,	102,	98,	92,	87,	81,	78,	78,	83,	84,	81,	78,	89,	90,	95,	105,	160,	193,	191,	190,	190,	190,	190,	191,	191,	190,	190,	190,	190,	190,
176,	178,	180,	195,	217,	213,	209,	207,	205,	206,	203,	203,	193,	155,	158,	181,	188,	175,	105,	91,	99,	103,	103,	108,	118,	128,	134,	123,	108,	118,	142,	151,	144,	138,	133,	132,	128,	122,	119,	115,	111,	105,	99,	95,	94,	99,	101,	102,	103,	97,	89,	95,	99,	95,	90,	84,	80,	78,	81,	82,	84,	77,	80,	92,	97,	99,	131,	177,	188,	190,	190,	190,	190,	190,	191,	190,	190,	191,	191,	190,	189,
176,	177,	179,	191,	215,	211,	208,	206,	206,	204,	204,	201,	198,	187,	156,	151,	166,	151,	102,	88,	100,	107,	106,	106,	111,	120,	127,	121,	116,	128,	148,	144,	135,	122,	112,	100,	89,	83,	77,	75,	75,	79,	78,	82,	86,	90,	97,	103,	107,	100,	91,	91,	90,	88,	86,	82,	79,	81,	83,	85,	82,	66,	73,	84,	93,	118,	155,	169,	182,	189,	189,	191,	190,	190,	189,	189,	189,	190,	191,	190,	190,
176,	175,	177,	188,	213,	209,	208,	206,	205,	204,	203,	202,	199,	197,	186,	144,	117,	100,	72,	77,	96,	106,	111,	105,	109,	112,	115,	116,	111,	126,	135,	135,	127,	120,	108,	90,	76,	70,	65,	62,	64,	66,	70,	76,	84,	92,	95,	102,	102,	97,	90,	86,	86,	85,	83,	81,	80,	81,	81,	83,	70,	66,	76,	105,	133,	142,	151,	161,	178,	188,	189,	187,	189,	188,	188,	189,	189,	188,	188,	188,	189,
173,	176,	176,	187,	211,	209,	207,	206,	204,	205,	204,	201,	199,	199,	197,	186,	134,	73,	34,	56,	91,	103,	113,	107,	108,	108,	106,	107,	109,	123,	126,	126,	121,	119,	110,	97,	91,	90,	86,	85,	87,	83,	82,	86,	91,	92,	94,	94,	93,	91,	87,	84,	84,	83,	81,	80,	81,	80,	80,	80,	53,	88,	119,	154,	175,	173,	170,	174,	184,	188,	187,	187,	187,	187,	185,	186,	188,	188,	188,	188,	188,
173,	175,	174,	184,	209,	207,	205,	205,	204,	204,	203,	201,	199,	199,	198,	194,	187,	168,	111,	42,	76,	99,	104,	102,	105,	100,	102,	103,	103,	117,	128,	125,	124,	123,	115,	108,	110,	113,	113,	107,	105,	100,	95,	95,	97,	96,	90,	91,	90,	85,	83,	82,	84,	84,	84,	79,	78,	77,	80,	66,	49,	85,	109,	127,	153,	162,	176,	186,	187,	185,	186,	187,	186,	185,	185,	186,	186,	186,	187,	188,	187,
174,	175,	175,	182,	208,	207,	205,	205,	204,	203,	202,	200,	199,	198,	197,	195,	195,	197,	167,	70,	53,	86,	97,	96,	100,	104,	104,	102,	106,	123,	131,	136,	138,	135,	130,	126,	129,	128,	122,	119,	114,	109,	104,	100,	100,	102,	98,	93,	87,	81,	78,	77,	81,	84,	85,	76,	73,	75,	78,	53,	59,	87,	104,	123,	147,	165,	179,	184,	185,	185,	186,	186,	185,	185,	185,	186,	186,	185,	185,	184,	183,
173,	174,	175,	181,	207,	207,	205,	205,	204,	203,	203,	201,	199,	197,	197,	197,	196,	187,	177,	125,	58,	73,	91,	95,	98,	104,	106,	103,	108,	122,	134,	143,	153,	156,	155,	151,	148,	141,	128,	126,	122,	116,	115,	113,	114,	112,	109,	96,	85,	80,	77,	74,	77,	79,	76,	70,	70,	71,	69,	69,	74,	102,	118,	141,	161,	171,	177,	182,	185,	185,	185,	185,	184,	185,	185,	182,	178,	173,	169,	166,	166,
171,	173,	175,	179,	205,	207,	205,	204,	205,	203,	202,	199,	199,	198,	198,	197,	194,	188,	169,	121,	68,	73,	76,	90,	100,	102,	102,	104,	103,	111,	127,	140,	152,	162,	160,	155,	146,	140,	131,	125,	127,	125,	123,	123,	127,	122,	111,	95,	82,	79,	78,	75,	75,	75,	68,	68,	70,	70,	57,	73,	91,	113,	137,	153,	165,	178,	182,	182,	183,	183,	185,	185,	183,	182,	175,	165,	157,	150,	148,	148,	147,
172,	173,	174,	179,	204,	206,	204,	203,	204,	203,	203,	200,	198,	196,	196,	196,	194,	192,	170,	86,	55,	86,	76,	76,	95,	99,	96,	96,	95,	103,	110,	127,	145,	149,	146,	143,	138,	134,	123,	115,	124,	130,	125,	118,	118,	116,	102,	90,	83,	77,	76,	75,	74,	73,	64,	66,	74,	67,	69,	89,	106,	121,	138,	159,	173,	182,	182,	182,	184,	185,	184,	182,	176,	167,	155,	146,	142,	137,	133,	133,	133,
171,	172,	172,	177,	202,	205,	203,	204,	203,	202,	201,	199,	198,	196,	195,	193,	190,	179,	152,	73,	45,	94,	95,	70,	78,	84,	89,	86,	92,	101,	108,	118,	131,	129,	127,	124,	124,	120,	111,	111,	113,	117,	113,	107,	101,	100,	92,	84,	77,	71,	69,	69,	69,	68,	63,	65,	76,	52,	44,	72,	103,	123,	144,	163,	179,	182,	182,	182,	181,	181,	177,	168,	158,	148,	139,	133,	130,	128,	127,	127,	127,
171,	173,	172,	176,	200,	204,	202,	204,	203,	202,	201,	199,	198,	197,	196,	194,	191,	175,	128,	74,	51,	97,	112,	84,	63,	72,	76,	81,	87,	96,	105,	110,	119,	119,	111,	107,	114,	110,	103,	101,	103,	101,	98,	97,	92,	89,	86,	77,	68,	66,	65,	62,	63,	62,	63,	69,	79,	63,	55,	70,	93,	124,	154,	173,	179,	182,	181,	178,	174,	166,	157,	147,	142,	134,	130,	127,	126,	126,	127,	125,	126,
171,	171,	172,	175,	197,	203,	200,	203,	201,	199,	199,	199,	197,	196,	195,	194,	194,	188,	167,	120,	81,	101,	116,	102,	75,	59,	66,	75,	75,	83,	92,	102,	110,	108,	100,	97,	101,	97,	88,	95,	98,	91,	87,	86,	84,	81,	78,	67,	63,	65,	57,	58,	57,	60,	68,	70,	76,	65,	82,	107,	141,	169,	176,	178,	180,	179,	175,	168,	156,	147,	139,	134,	129,	127,	126,	126,	127,	127,	127,	127,	126,
170,	170,	172,	172,	196,	201,	200,	201,	203,	200,	199,	197,	198,	195,	194,	194,	192,	192,	189,	185,	153,	114,	117,	111,	94,	68,	54,	61,	68,	72,	79,	90,	94,	92,	88,	83,	81,	81,	79,	83,	83,	83,	79,	73,	75,	73,	69,	59,	55,	58,	55,	54,	58,	67,	72,	74,	75,	70,	103,	121,	143,	173,	179,	177,	177,	173,	163,	151,	139,	131,	128,	127,	125,	125,	126,	125,	126,	126,	126,	126,	127,
169,	170,	172,	172,	194,	201,	198,	200,	201,	200,	198,	199,	196,	194,	193,	194,	194,	189,	188,	176,	148,	117,	123,	118,	106,	89,	62,	49,	56,	62,	63,	70,	74,	75,	75,	72,	70,	73,	72,	71,	70,	67,	69,	66,	63,	59,	58,	51,	50,	51,	54,	58,	66,	74,	71,	77,	75,	67,	103,	141,	164,	175,	180,	177,	173,	163,	148,	135,	128,	126,	124,	126,	125,	125,	125,	125,	126,	125,	124,	126,	126,
167,	170,	170,	171,	192,	201,	199,	203,	203,	201,	200,	197,	193,	193,	194,	193,	192,	191,	189,	180,	138,	112,	128,	127,	116,	102,	81,	59,	46,	49,	53,	54,	55,	62,	65,	63,	64,	67,	63,	59,	60,	57,	59,	57,	54,	49,	50,	48,	50,	53,	57,	64,	72,	75,	69,	79,	120,	122,	113,	145,	171,	178,	176,	173,	162,	148,	135,	127,	122,	122,	124,	125,	125,	125,	125,	124,	125,	126,	126,	126,	126,
168,	168,	170,	171,	188,	202,	190,	176,	166,	173,	192,	198,	195,	194,	194,	194,	192,	190,	190,	188,	173,	129,	124,	132,	124,	108,	96,	82,	57,	44,	46,	48,	49,	50,	51,	52,	52,	53,	51,	50,	51,	51,	49,	49,	48,	46,	46,	49,	54,	59,	61,	69,	73,	71,	69,	86,	150,	170,	154,	157,	172,	175,	170,	160,	147,	134,	126,	123,	120,	121,	122,	124,	123,	124,	125,	123,	124,	125,	126,	126,	125,
167,	168,	170,	169,	189,	194,	134,	103,	99,	100,	122,	171,	196,	195,	194,	193,	192,	192,	189,	187,	178,	135,	123,	135,	129,	114,	105,	97,	80,	55,	41,	43,	45,	45,	46,	46,	45,	45,	46,	46,	45,	44,	44,	46,	46,	47,	48,	53,	58,	60,	63,	74,	75,	68,	70,	98,	159,	175,	172,	175,	173,	171,	162,	148,	135,	126,	122,	121,	121,	122,	122,	122,	123,	124,	125,	125,	125,	125,	125,	126,	126,
166,	167,	168,	170,	189,	157,	86,	91,	95,	97,	89,	98,	149,	190,	197,	197,	195,	193,	193,	192,	185,	139,	122,	135,	130,	121,	113,	100,	89,	77,	57,	44,	39,	43,	47,	45,	44,	47,	47,	45,	46,	47,	46,	45,	47,	49,	49,	54,	57,	58,	66,	74,	74,	68,	72,	114,	172,	175,	175,	174,	172,	163,	153,	137,	126,	122,	121,	122,	122,	122,	122,	123,	123,	124,	125,	124,	125,	126,	125,	125,	126,
166,	167,	169,	169,	186,	129,	76,	87,	94,	98,	100,	91,	91,	117,	144,	158,	160,	165,	168,	167,	168,	135,	124,	134,	132,	123,	116,	107,	96,	86,	76,	62,	46,	41,	41,	43,	44,	46,	46,	46,	48,	46,	48,	48,	48,	50,	51,	52,	59,	61,	70,	74,	73,	69,	74,	130,	177,	174,	174,	172,	167,	158,	143,	130,	123,	119,	119,	120,	120,	121,	122,	122,	124,	123,	123,	124,	124,	124,	124,	126,	125,
164,	167,	169,	167,	186,	129,	68,	79,	85,	94,	98,	98,	98,	90,	87,	87,	88,	90,	89,	90,	89,	100,	130,	135,	134,	130,	119,	113,	108,	94,	85,	77,	68,	53,	41,	42,	43,	44,	43,	43,	46,	46,	46,	47,	48,	50,	51,	52,	57,	66,	72,	76,	76,	72,	82,	145,	177,	173,	172,	170,	164,	151,	137,	127,	122,	119,	118,	120,	120,	121,	122,	121,	123,	124,	124,	124,	124,	122,	124,	123,	125,
165,	166,	169,	167,	185,	151,	66,	69,	73,	82,	92,	102,	99,	98,	94,	87,	80,	77,	80,	80,	73,	94,	130,	135,	133,	132,	123,	118,	111,	100,	91,	85,	81,	73,	58,	46,	41,	42,	43,	45,	47,	47,	47,	48,	48,	50,	52,	55,	59,	67,	76,	77,	77,	74,	91,	155,	175,	172,	169,	165,	156,	143,	131,	123,	120,	118,	118,	120,	120,	121,	122,	121,	122,	123,	123,	124,	124,	123,	124,	124,	125,
165,	165,	167,	167,	182,	174,	76,	63,	71,	74,	81,	91,	96,	103,	104,	97,	87,	85,	91,	91,	95,	117,	127,	133,	134,	129,	127,	120,	114,	102,	94,	91,	89,	83,	73,	63,	55,	49,	46,	48,	46,	46,	47,	48,	49,	50,	53,	57,	60,	67,	79,	81,	81,	77,	103,	166,	173,	169,	167,	160,	149,	136,	125,	122,	120,	120,	120,	120,	120,	120,	121,	120,	121,	122,	122,	123,	124,	123,	124,	124,	123,
165,	166,	167,	166,	180,	184,	91,	66,	69,	71,	77,	80,	92,	102,	102,	98,	95,	94,	83,	77,	103,	130,	127,	133,	131,	135,	129,	122,	116,	108,	101,	96,	89,	82,	79,	78,	75,	69,	60,	53,	51,	49,	49,	49,	50,	51,	53,	57,	62,	73,	80,	81,	82,	82,	117,	174,	173,	169,	164,	154,	140,	128,	122,	119,	119,	119,	119,	120,	120,	120,	120,	120,	121,	122,	122,	122,	123,	123,	123,	123,	123,
163,	164,	166,	166,	177,	189,	101,	75,	79,	76,	77,	76,	83,	91,	93,	101,	103,	101,	88,	78,	85,	110,	129,	131,	131,	132,	131,	127,	118,	111,	106,	101,	92,	84,	81,	78,	77,	79,	77,	71,	67,	65,	64,	63,	64,	65,	65,	66,	69,	74,	79,	79,	81,	84,	98,	137,	168,	168,	160,	146,	134,	124,	119,	119,	119,	119,	119,	120,	120,	120,	121,	121,	120,	120,	121,	121,	121,	121,	122,	122,	122,
164,	164,	166,	164,	178,	179,	96,	86,	87,	84,	83,	78,	82,	83,	90,	101,	100,	95,	94,	90,	84,	86,	103,	124,	132,	132,	131,	128,	125,	116,	113,	107,	102,	92,	86,	82,	80,	80,	78,	77,	78,	77,	76,	77,	78,	77,	75,	75,	75,	74,	80,	78,	81,	87,	63,	60,	104,	145,	156,	142,	129,	121,	119,	119,	119,	119,	119,	119,	120,	119,	119,	120,	121,	121,	121,	122,	121,	121,	121,	121,	121,
163,	164,	165,	164,	178,	138,	87,	91,	90,	91,	87,	80,	81,	79,	91,	95,	92,	94,	101,	98,	92,	84,	77,	84,	113,	133,	131,	128,	124,	118,	116,	112,	106,	100,	95,	89,	85,	81,	78,	78,	78,	77,	78,	80,	81,	80,	78,	77,	75,	75,	76,	81,	83,	86,	52,	38,	49,	80,	125,	138,	126,	121,	119,	118,	119,	119,	119,	119,	120,	119,	120,	120,	120,	120,	120,	121,	121,	122,	122,	122,	121,
164,	164,	166,	168,	138,	67,	70,	88,	93,	96,	89,	89,	83,	78,	87,	86,	86,	97,	100,	98,	91,	86,	87,	82,	84,	103,	127,	128,	123,	122,	117,	115,	110,	106,	101,	94,	90,	86,	82,	78,	76,	76,	77,	79,	80,	79,	76,	75,	74,	75,	77,	83,	89,	88,	43,	37,	46,	51,	71,	111,	127,	120,	120,	119,	118,	119,	119,	119,	120,	120,	120,	120,	120,	121,	120,	121,	121,	122,	122,	122,	120,
162,	163,	168,	143,	55,	27,	39,	61,	86,	95,	94,	94,	85,	86,	87,	81,	87,	95,	95,	90,	89,	95,	97,	92,	80,	73,	89,	120,	125,	121,	119,	117,	112,	109,	102,	97,	91,	88,	86,	80,	79,	79,	78,	77,	77,	75,	73,	73,	74,	74,	80,	86,	90,	82,	38,	35,	39,	46,	53,	70,	105,	121,	119,	119,	119,	119,	119,	119,	119,	120,	120,	120,	119,	119,	120,	121,	121,	121,	121,	121,	121,
161,	164,	157,	72,	23,	26,	27,	33,	52,	78,	100,	99,	93,	94,	84,	79,	90,	91,	86,	85,	96,	99,	97,	90,	81,	79,	77,	95,	110,	120,	118,	116,	114,	110,	104,	98,	93,	89,	84,	82,	81,	81,	82,	81,	78,	75,	74,	73,	76,	79,	81,	89,	91,	77,	32,	32,	35,	39,	48,	55,	74,	110,	121,	119,	119,	119,	119,	118,	119,	120,	120,	120,	119,	120,	121,	121,	121,	121,	120,	121,	121,
162,	169,	135,	48,	31,	27,	28,	28,	27,	43,	75,	95,	100,	94,	82,	87,	90,	85,	80,	89,	97,	96,	89,	87,	89,	92,	86,	78,	74,	92,	114,	116,	113,	110,	106,	101,	95,	90,	85,	82,	81,	81,	83,	82,	78,	76,	75,	75,	77,	81,	86,	87,	92,	66,	26,	29,	32,	39,	45,	55,	64,	91,	117,	116,	118,	118,	119,	118,	118,	118,	118,	118,	119,	119,	120,	120,	119,	119,	120,	121,	121,
153,	127,	115,	85,	61,	41,	29,	26,	27,	27,	37,	64,	88,	91,	91,	95,	88,	80,	85,	94,	93,	86,	88,	95,	95,	93,	87,	79,	69,	71,	103,	113,	114,	110,	105,	102,	97,	90,	86,	83,	80,	80,	81,	81,	79,	77,	75,	76,	79,	83,	87,	90,	92,	60,	28,	26,	33,	39,	54,	66,	70,	77,	107,	118,	117,	118,	118,	118,	119,	118,	119,	119,	119,	120,	120,	120,	120,	120,	121,	121,	121,
116,	104,	113,	116,	102,	75,	49,	34,	30,	25,	24,	31,	51,	76,	95,	98,	87,	85,	92,	92,	84,	83,	92,	98,	95,	89,	84,	82,	82,	79,	80,	88,	103,	109,	107,	103,	98,	92,	86,	82,	81,	79,	80,	80,	78,	77,	76,	79,	82,	86,	91,	94,	88,	50,	34,	27,	31,	45,	61,	69,	72,	70,	97,	117,	117,	118,	118,	118,	118,	118,	119,	119,	119,	119,	119,	119,	120,	120,	120,	120,	120,
